1,500
2,501
1,502
1,503
1,504
1,505
1,506
1,507
1,508
1,509
2,510
1,511
1,512
1,513
1,514
2,515
1,516
3,517
3,3
3,518
3,519
3,520
4,3
3,521
5,3
6,9
7,9
8,9
9,522
10,9
11,9
12,9
13,9
14,9
15,9
9,523
16,9
9,524
17,9
9,525
18,9
9,526
19,9
20,9
21,9
22,9
9,527
23,9
24,9
25,9
9,528
26,9
27,9
28,9
29,9
30,9
31,9
32,9
33,9
34,9
35,9
36,9
37,9
9,480
38,9
9,529
39,9
40,9
41,9
42,9
43,9
44,9
9,530
45,9
46,9
47,9
48,9
9,531
49,9
50,9
51,9
52,9
53,9
54,9
55,9
56,9
57,9
58,9
9,532
59,9
9,533
60,9
61,9
9,534
62,9
63,64
64,535
64,536
65,537
66,65
64,538
67,64
64,367
68,64
69,65
65,487
70,64
64,539
65,540
64,541
64,542
64,543
71,64
64,544
64,545
64,546
72,64
64,547
73,64
64,548
74,64
64,549
65,550
75,64
64,551
76,64
64,552
77,64
65,553
64,554
64,555
65,556
78,64
79,64
64,418
65,557
64,558
80,64
64,559
81,64
64,560
64,561
82,64
64,562
64,563
64,564
83,65
64,565
64,566
64,567
64,568
65,569
65,570
84,64
64,571
64,572
46,64
64,573
64,574
64,575
64,576
64,577
64,578
85,64
86,64
87,65
88,64
27,64
64,460
64,579
64,580
65,581
64,582
64,583
65,584
64,585
89,64
90,586
64,52
64,587
64,48
64,588
64,589
91,90
64,590
92,64
65,591
93,592
94,93
93,593
93,594
93,595
93,596
93,597
95,93
96,93
97,93
98,93
93,598
93,599
99,93
93,600
93,601
93,602
93,603
93,604
93,605
93,32
93,606
100,93
93,607
93,608
93,609
101,93
93,610
93,611
102,93
93,45
93,401
93,612
103,93
93,613
104,93
93,614
105,93
93,615
106,93
93,616
93,617
93,618
93,619
93,211
93,386
93,620
93,228
107,93
93,621
93,622
93,623
108,93
93,624
93,625
93,626
93,627
93,531
93,628
109,93
93,629
93,630
93,631
93,632
110,93
93,633
93,634
93,635
93,30
93,636
93,637
111,93
93,385
112,93
93,638
93,639
93,640
93,641
93,642
113,93
93,643
114,93
93,644
93,645
93,646
93,647
115,93
93,648
93,649
93,650
116,93
93,651
93,652
93,653
93,654
93,655
93,656
93,657
93,658
93,659
93,660
117,93
93,661
93,662
93,663
93,382
93,664
118,93
93,665
93,666
93,667
93,668
93,383
93,669
93,268
119,93
93,670
120,93
93,671
121,93
93,672
93,428
122,93
29,93
93,673
93,674
123,93
93,675
93,93
93,676
93,677
93,678
124,93
125,679
126,680
126,681
127,126
128,126
126,503
126,682
126,683
129,684
129,685
129,686
130,129
129,687
129,688
129,689
129,690
129,691
129,692
96,129
131,129
129,693
129,694
129,695
132,696
133,132
134,132
102,135
135,697
135,448
135,403
136,539
135,485
135,698
137,136
135,333
138,139
139,139
140,139
139,699
141,143
142,143
143,700
143,701
143,702
144,143
145,143
143,703
143,704
143,705
146,143
147,143
143,706
148,143
143,707
143,708
143,329
143,709
143,710
143,711
143,712
143,713
143,714
149,143
143,715
143,716
143,717
105,143
143,718
150,143
143,719
151,143
143,720
152,143
143,721
143,722
153,143
154,143
96,143
143,723
155,143
143,32
156,143
157,143
143,724
158,143
143,339
159,143
143,725
143,726
143,727
143,728
143,729
143,143
160,143
143,730
143,731
143,732
143,733
143,734
143,52
143,735
143,736
143,737
161,143
162,143
143,738
143,739
143,740
163,143
143,741
164,143
143,735
143,742
143,743
165,143
46,143
166,143
143,630
167,143
114,143
143,713
143,744
162,143
143,309
143,745
143,746
168,143
143,747
143,748
104,143
169,143
170,143
143,749
143,47
143,750
143,751
171,143
143,752
143,753
143,754
143,755
172,143
143,756
143,757
173,143
174,143
143,758
175,143
143,759
143,707
143,760
176,143
143,761
177,143
178,143
143,762
143,763
143,764
143,765
143,367
143,766
179,143
180,143
181,143
182,143
183,189
184,189
185,189
186,189
187,189
188,189
189,767
189,768
190,189
189,769
189,770
191,189
189,771
189,758
184,189
29,189
192,189
193,189
189,625
189,772
189,773
189,774
189,618
194,189
195,189
196,189
189,775
189,617
166,189
46,189
197,189
122,189
189,776
189,767
189,777
198,189
189,778
199,189
200,189
189,779
189,780
201,189
202,189
203,189
189,781
189,645
189,782
189,783
204,189
76,189
189,7
205,189
189,784
206,189
189,785
207,189
189,786
208,189
189,787
189,788
189,11
209,189
210,189
211,189
189,789
212,189
213,189
189,790
214,189
189,791
189,792
189,793
189,794
189,703
115,189
189,795
215,189
189,796
216,189
189,797
189,798
189,799
217,189
189,382
218,189
189,800
189,801
219,189
189,802
189,803
189,804
220,189
189,805
221,189
222,189
223,189
224,189
147,189
189,806
225,189
226,189
189,807
227,189
228,189
229,189
189,309
189,808
189,809
189,810
189,811
230,189
189,812
62,189
231,189
189,48
189,813
189,814
189,815
189,816
232,189
189,817
233,189
60,189
234,189
189,818
235,189
236,189
237,189
189,819
189,820
189,821
189,822
189,823
189,596
238,189
189,824
105,189
189,825
189,32
239,189
189,826
189,827
189,828
189,829
240,189
189,830
189,831
241,189
189,832
242,189
189,833
189,189
243,189
244,189
189,834
189,835
189,836
245,496
246,496
247,496
248,496
249,496
152,496
60,496
85,496
250,496
104,496
251,252
252,837
253,252
254,252
252,838
252,839
255,252
256,252
257,252
252,840
258,252
254,252
252,841
259,252
260,252
261,252
252,842
252,843
81,252
252,717
106,252
252,844
252,845
262,252
263,252
264,252
252,846
252,398
265,252
252,847
252,466
266,252
267,252
252,848
268,252
96,252
269,252
252,849
270,252
271,252
252,850
252,851
252,809
272,252
252,852
273,252
252,853
274,252
252,854
130,252
252,843
275,252
276,252
277,252
252,855
278,252
252,856
252,857
252,858
279,252
252,792
280,252
252,859
281,252
282,252
252,860
283,252
252,861
71,252
284,252
252,862
285,252
286,252
287,252
252,863
252,864
252,865
159,252
252,866
288,252
289,252
252,763
290,252
152,252
291,252
252,674
252,811
252,867
252,428
292,252
293,252
294,252
295,334
194,334
296,334
297,334
298,334
299,334
300,334
301,497
302,334
303,334
304,334
305,334
306,334
307,334
308,334
309,334
310,334
311,334
312,334
313,334
314,334
315,334
316,334
317,334
318,334
319,334
320,334
321,334
322,334
323,334
324,334
325,334
326,334
327,334
328,334
329,334
330,334
331,334
332,334
333,334
334,868
335,334
336,334
337,334
338,334
339,334
340,334
341,334
342,334
202,334
343,334
344,334
345,334
346,334
347,334
348,334
349,334
350,334
351,334
352,334
353,334
354,334
351,497
355,869
355,870
355,871
356,759
357,356
358,356
356,309
356,872
359,356
356,873
356,356
360,356
356,874
361,356
356,875
362,876
363,356
356,877
318,356
356,441
364,356
365,356
366,356
367,356
368,356
369,356
370,356
371,356
372,356
373,356
374,356
96,356
356,878
375,356
376,356
377,356
378,356
376,356
379,876
380,356
373,876
381,356
382,356
179,356
383,876
384,356
362,356
385,356
116,356
386,876
387,356
356,879
388,356
389,356
390,356
391,356
356,880
392,876
393,356
356,881
394,356
395,356
396,356
397,356
356,882
356,883
398,356
399,356
400,356
401,356
402,356
403,356
356,884
404,356
356,428
367,356
405,356
406,408
407,408
318,408
250,408
408,885
409,408
104,408
408,886
410,408
411,887
412,887
413,887
414,887
415,887
416,887
417,421
197,421
418,421
419,421
262,421
297,421
420,421
421,888
422,421
423,421
179,421
424,421
425,421
426,421
421,889
427,421
428,421
429,421
430,421
431,421
432,421
433,421
434,421
435,421
436,421
437,421
438,421
439,421
440,421
421,890
441,421
442,421
443,421
444,421
421,891
445,421
446,421
421,421
447,421
421,892
448,421
449,421
450,421
451,421
452,421
453,421
454,421
455,421
456,421
457,421
458,421
459,421
460,421
461,421
462,421
463,421
464,421
465,421
466,421
467,421
468,421
469,421
470,421
471,421
472,421
473,421
474,421
345,421
405,421
421,893
475,421
476,421
477,421
478,421
479,421
480,421
481,421
482,421
483,421
484,421
421,894
485,421
486,421
247,421
249,421
487,421
488,421
489,421
240,421
490,421
491,421
1,506
1,895
1,503
1,896
1,502
1,897
1,898
1,899
1,900
1,901
1,902
1,903
1,904
1,905
1,906
1,907
1,908
1,909
1,910
1,911
1,912
1,913
1,914
1,915
1,916
1,917
1,902
1,918
1,919
1,920
1,514
1,921
1,504
1,922
1,505
1,923
1,924
1,925
1,926
1,927
1,928
1,2
1,929
1,930
1,931
1,516
1,932
1,511
1,933
1,934
1,935
1,936
1,937
1,87
1,938
1,939
1,940
1,941
1,942
1,943
1,1
1,229
1,509
1,944
1,945
1,500
1,946
1,947
1,948
1,949
1,950
1,951
1,952
1,508
1,954
1,955
1,512
1,956
1,957
1,513
1,958
1,959
1,960
1,961
1,962
1,963
1,964
1,965
1,966
1,967
1,968
1,969
1,970
1,971
3,972
3,970
3,973
3,974
3,975
3,955
3,976
3,977
3,978
3,979
3,980
3,519
3,981
3,982
3,983
3,984
3,985
3,986
3,796
3,987
3,988
3,989
3,990
3,564
3,991
3,992
3,993
3,994
3,995
3,996
3,997
3,998
3,3
3,999
3,1000
3,1001
3,1002
3,1003
3,1004
3,1005
3,1006
3,1007
3,1008
3,1009
3,1010
3,1011
3,1012
3,1013
3,345
3,1014
3,458
3,1015
3,1016
3,1017
3,1018
3,1019
3,1020
3,1021
3,517
3,1022
3,1023
3,1024
3,1025
3,1026
3,1027
3,1028
3,1029
3,1030
3,1031
3,1032
3,1033
3,1034
3,1035
3,1036
3,922
3,518
3,1037
3,1038
3,1039
3,1040
3,32
3,1041
3,1042
3,1043
3,1044
3,1045
3,1046
3,1047
3,1048
3,1049
3,1050
3,1051
3,1052
3,427
3,1053
3,1054
3,881
3,1055
3,1056
3,81
3,1057
3,1058
3,1059
3,1060
3,1061
3,1062
3,1063
3,1064
3,1065
3,5
3,1066
3,1067
3,1068
3,1069
3,1070
3,71
3,1071
3,1072
3,1073
3,1074
3,1075
3,1076
3,1077
3,1078
3,937
3,1079
3,1080
3,4
3,1081
3,1082
3,1083
492,1084
492,1085
492,1086
492,1087
492,22
492,1088
492,820
492,534
492,1089
492,1090
492,1091
492,1092
492,1093
492,1094
492,21
492,1095
492,49
492,14
492,1096
492,53
492,1097
492,1098
492,1099
492,1100
492,1101
492,523
492,1102
492,492
492,1103
492,1104
492,61
492,1105
492,1106
492,403
492,1107
492,1108
492,1109
492,1110
492,1111
492,1112
492,1113
492,35
492,1114
492,1115
492,1116
492,818
492,23
492,1117
492,689
492,1118
492,1119
492,1120
492,12
492,238
492,1121
492,716
492,864
492,1122
492,41
492,1123
492,532
492,1124
492,1125
492,1126
492,1127
492,1128
492,308
492,24
492,1129
492,1130
492,1131
492,1132
492,1133
492,1134
492,1135
492,527
492,1136
492,1137
492,1138
492,1139
492,29
492,1140
492,1141
492,775
492,968
492,1142
492,533
492,1143
492,1144
492,726
492,1145
492,1146
492,1147
492,18
492,27
492,1148
492,1149
492,1150
492,1151
492,1152
492,1153
492,529
492,1154
492,60
492,1155
492,1156
492,32
492,1157
492,1158
492,1159
492,1160
492,20
492,1161
492,10
492,1162
492,11
492,1163
492,1164
492,160
492,1165
492,34
492,1166
492,1167
492,312
492,13
492,1168
492,1169
492,1170
492,1171
492,28
492,1172
492,1173
492,1174
492,831
492,15
492,1175
492,1176
492,1177
492,51
492,1178
492,1179
492,1180
492,1181
492,524
492,467
492,1182
492,1183
492,1184
492,1185
492,1186
492,1187
492,1188
492,1189
492,1190
492,1191
492,56
492,1192
492,1193
492,1194
492,1195
492,1196
492,183
492,1197
492,17
492,1198
492,1199
492,1200
492,1201
492,47
492,1202
492,1203
492,1204
492,1205
492,1206
492,1207
492,1208
492,763
492,1209
492,1210
492,1211
492,1212
492,1213
492,1214
492,1215
492,1216
492,618
492,522
492,26
492,1217
492,1218
492,1219
492,1220
492,1221
492,1222
492,1223
492,624
492,1224
492,1225
492,809
492,1226
492,1227
492,1228
492,38
492,184
492,1229
492,1230
492,1231
492,1232
492,1233
492,1234
492,1235
492,1236
492,16
492,1237
492,1238
492,1239
492,810
492,1240
492,46
492,1241
492,1242
492,1243
492,1244
492,1245
492,1246
492,1247
492,480
492,1248
492,6
492,1249
492,1250
492,632
492,1251
492,1252
492,1253
492,1254
492,1255
492,1256
492,1257
492,1258
492,1259
492,231
492,1260
492,1261
492,1262
492,1263
492,1264
492,39
492,1265
492,1266
492,1267
492,1268
492,1269
492,1270
492,1271
492,1272
492,1273
492,1274
492,1275
492,1276
492,1277
492,1278
492,1279
492,1280
492,59
492,1281
492,62
492,1282
492,1283
492,1284
492,1285
492,1286
492,1287
492,1288
492,526
492,1289
492,228
492,1290
492,528
492,1291
492,1292
492,1293
492,1294
492,1295
492,1296
492,1297
492,1298
492,1299
492,1300
492,1301
492,44
492,1302
492,57
492,1303
492,1304
492,1305
492,1306
492,1307
492,1308
492,580
492,530
492,1309
492,1310
492,1311
492,1312
492,793
492,1313
492,1314
492,1315
492,1316
492,1317
492,1318
492,1319
492,1320
492,54
492,1321
492,1322
492,1323
492,1324
492,1325
492,1326
492,1327
492,1328
492,1329
492,638
492,1330
492,1331
492,1332
492,1333
492,1334
492,1335
492,1336
492,1337
492,1338
492,1339
492,1340
492,1341
492,1342
65,1343
65,83
65,998
65,1344
65,1345
65,1346
65,1347
65,1348
65,66
65,1349
65,1350
65,569
65,1351
65,1352
65,1353
65,1354
65,1355
65,1356
65,556
65,1357
65,69
65,537
65,1358
65,1359
65,1360
65,1361
65,1362
65,1363
65,65
65,1364
65,487
65,1365
65,1366
65,1367
65,1368
65,1369
65,1370
65,1371
65,1372
65,1373
65,1374
65,1375
65,1376
65,1377
65,1378
65,1379
65,1380
65,1381
65,1382
65,1383
65,1384
65,87
65,1385
65,1386
65,1387
65,553
65,1388
65,1389
65,1390
65,1391
65,1392
65,1393
65,1394
65,1395
65,1396
65,584
65,1397
93,601
93,1398
93,1399
93,1400
93,1401
93,503
93,895
93,1402
93,535
93,1403
93,391
93,1404
93,1405
93,1406
93,1407
93,1408
93,1409
93,142
93,1410
93,1411
93,1412
93,1413
93,1414
93,1415
93,1416
93,602
93,1417
93,1418
93,99
93,1419
93,620
93,212
93,1420
93,1147
93,1421
93,1422
93,1423
93,1424
93,1425
93,108
93,1426
93,1427
93,196
93,6
93,1428
93,1429
93,1430
93,1170
93,1431
93,219
93,1432
93,110
93,788
93,1433
93,1434
93,1435
93,1436
93,1437
93,1438
93,1439
93,808
93,1440
93,1441
93,806
93,815
93,1442
93,111
93,1238
93,634
93,1443
93,631
93,166
93,1444
93,1445
93,1446
93,1447
93,1448
93,1149
93,1449
93,638
93,93
93,1258
93,1450
93,1451
93,1227
93,660
93,1452
93,1453
93,1325
93,1454
93,1455
93,1068
93,1456
93,1457
93,1458
93,1459
93,1460
93,240
93,392
93,1461
93,1462
93,605
93,599
93,735
93,1463
93,1464
93,446
93,1214
93,1465
93,604
93,1466
93,1467
93,1468
93,1469
93,655
93,1470
93,1471
93,818
93,1472
93,1473
93,1275
93,1474
93,231
93,124
93,1475
93,1476
93,668
93,233
93,1477
93,1188
93,1478
93,1479
93,87
93,308
93,1480
93,1481
93,1482
93,649
93,1483
93,1191
93,1484
93,1485
93,1223
93,652
93,1486
93,362
93,141
93,1487
93,1271
93,383
93,1488
93,1273
93,1489
93,1490
93,1491
93,1117
93,1492
93,1493
93,1494
93,1495
93,96
93,228
93,1496
93,122
93,672
93,658
93,1497
93,1498
93,1499
93,1500
93,1501
93,1502
93,1503
93,1504
93,1505
93,1187
93,1506
93,119
93,1507
93,1508
93,1509
93,616
93,117
93,249
93,1132
93,1510
93,1511
93,1512
93,792
93,100
93,1513
93,1514
93,633
93,1515
93,1516
93,1517
93,960
93,1518
93,204
93,1519
93,1520
93,1521
93,221
93,992
93,1522
93,1523
93,4
93,38
93,1524
93,1525
93,1287
93,1526
93,1527
93,1056
93,1528
93,1529
93,659
93,1530
93,641
93,1531
93,820
93,1532
93,1533
93,734
93,1534
93,493
93,1535
93,1536
93,1537
93,112
93,1538
93,1539
93,1540
93,1541
93,1542
93,1543
93,1544
93,1545
93,1154
93,421
93,102
93,268
93,1546
93,1547
93,1548
93,663
93,1549
93,1550
93,1261
93,257
93,1551
93,1552
93,1553
93,1554
93,1027
93,608
93,1555
93,1556
93,1557
93,1558
93,1559
93,1560
93,1561
93,1562
93,1563
93,1564
93,1317
93,238
93,1061
93,1565
93,1566
93,669
93,1567
93,665
93,179
93,1568
93,1569
93,1570
93,1571
93,203
93,1572
93,107
93,1573
93,23
93,101
93,1574
93,1575
93,1576
93,1577
93,1578
93,629
93,1579
93,1580
93,1581
93,1582
93,618
93,637
93,1583
93,1584
93,810
93,614
93,1585
93,1586
93,1587
93,1588
93,1589
93,11
93,1590
93,1591
93,597
93,1592
93,1593
93,1594
93,1595
93,651
93,1596
93,1597
93,1295
93,1598
93,1599
93,1600
93,1601
93,1602
93,1603
93,1604
93,1605
93,1606
93,1607
93,350
93,1608
93,247
93,1609
93,1610
93,1611
93,621
93,1612
93,661
93,1204
93,1613
93,1614
93,1615
93,1616
93,594
93,1617
93,1618
93,786
93,1619
93,603
93,1620
93,1621
93,593
93,1206
93,241
93,1622
93,1133
93,794
93,271
93,1209
93,1285
93,1623
93,1624
93,1300
93,104
93,1625
93,318
93,1626
93,386
93,1627
93,1628
93,189
93,1629
93,1248
93,1630
93,642
93,1631
93,1632
93,1633
93,568
93,1634
93,430
93,1635
93,1636
93,1093
93,1637
93,1120
93,615
93,1638
93,1639
93,1640
93,1641
93,246
93,1265
93,1642
93,29
93,1643
93,1644
93,1645
93,1646
93,205
93,273
93,1647
93,1648
93,610
93,1649
93,1650
93,1651
93,1652
93,1102
93,1653
93,1035
93,1654
93,1655
93,1656
93,121
93,109
93,347
93,1657
93,1658
93,612
93,1659
93,1660
93,1661
93,826
93,115
93,1157
93,821
93,184
93,1662
93,1663
93,1664
93,632
93,250
93,1665
93,553
93,1666
93,1667
93,1668
93,1669
93,1018
93,1670
93,1671
93,163
93,1672
93,216
93,120
93,1673
93,1674
93,1675
93,443
93,1676
93,1250
93,1677
93,1678
93,986
93,1679
93,1680
93,1681
93,824
93,767
93,1682
93,1683
93,775
93,1684
93,1685
93,116
93,1686
93,1687
93,1688
93,1689
93,1690
93,1691
93,1692
93,609
93,1693
93,1694
93,1695
93,928
93,657
93,1696
93,644
93,1697
93,1698
93,211
93,1699
93,1700
93,118
93,385
93,1701
93,1702
93,1703
93,377
93,1704
93,1705
93,1247
93,1706
93,1123
93,639
93,1181
93,613
93,835
93,1138
93,1707
93,1708
93,62
93,1709
93,1710
93,1711
93,646
93,636
93,626
93,985
93,451
93,1712
93,1713
93,1714
93,279
93,530
93,1298
93,902
93,1715
93,1716
93,1717
93,374
93,1718
93,640
93,1719
93,1720
93,1721
93,1722
93,1723
93,1724
93,802
93,1725
93,1726
93,103
93,1727
93,1728
93,1729
93,1730
93,623
93,667
93,1731
93,1732
93,1733
93,648
93,1734
93,678
93,1735
93,32
93,1736
93,97
93,809
93,1737
93,1738
93,1739
93,1740
93,160
93,650
93,1741
93,1742
93,1743
93,1744
93,1745
93,524
93,403
93,1746
93,1747
93,1108
93,804
93,1748
93,1749
93,1750
93,1751
93,94
93,1752
93,1753
93,428
93,1754
93,1755
93,27
93,888
93,1756
93,686
93,1757
93,5
93,1058
93,172
93,1758
93,1759
93,1760
93,1761
93,1762
93,1763
93,1764
93,630
93,243
93,114
93,1192
93,624
93,1329
125,1765
125,705
126,1766
126,1767
126,1768
126,1769
126,1770
126,1771
126,1772
126,1773
126,1774
126,680
126,1775
126,1776
126,1777
126,1778
126,1779
126,1780
126,1781
126,1782
126,1783
126,1784
126,1785
126,1786
126,1787
126,1788
126,1789
126,1790
126,1791
126,1792
126,1793
126,1794
126,1795
126,1796
126,1797
126,1798
126,1799
126,1800
126,1801
126,994
126,1802
126,1803
126,1804
126,1805
126,1806
126,1807
126,1808
126,1809
126,1810
126,1811
126,1812
126,1813
126,1814
126,1815
126,1816
126,1817
126,1818
126,1819
126,683
126,1820
126,1821
126,128
126,1822
126,1823
126,126
126,1824
126,1825
126,1826
126,1827
126,1828
126,1829
126,1830
126,1831
126,1832
126,1833
126,1834
126,1835
126,1836
126,1837
126,1838
126,1055
126,1839
126,1840
126,1841
126,1842
126,1843
126,1844
126,1845
126,1846
126,1847
126,1848
126,1849
126,1850
126,1851
126,1852
126,1853
126,1854
126,1855
126,999
126,1856
126,991
126,1857
126,1858
126,1859
126,1860
126,1047
126,1861
126,1862
126,1863
126,1864
126,1865
126,1866
126,1867
126,1868
126,1869
126,1870
126,1871
126,1872
126,1873
126,1874
126,1875
126,1876
126,1877
126,1878
126,1879
126,1880
126,1881
126,1882
126,1883
126,1884
126,1885
126,1050
126,1886
126,1887
126,1046
126,1888
126,1889
126,1890
126,435
126,1891
126,1892
126,458
126,836
126,1008
126,1893
126,127
126,1894
126,1895
126,1896
126,1897
126,1898
126,976
126,1899
126,1900
126,1901
126,1902
126,1903
126,1904
126,1905
126,1906
126,1907
126,1908
126,1909
126,1910
126,1911
126,1912
126,1015
126,1913
126,1914
126,1915
126,1916
126,1917
126,1918
126,983
126,1919
126,1920
126,1921
126,1922
126,1923
126,1924
126,1925
126,1926
126,1927
126,1928
126,1929
126,1930
126,1931
126,1932
126,1933
126,1934
126,1935
126,1936
126,1937
126,1938
126,1939
126,1940
126,1941
126,1045
126,1942
126,1943
126,503
126,1076
126,1944
126,1945
126,1946
126,1947
126,1948
126,1044
126,1949
126,1950
126,1043
126,1951
126,1952
126,1953
126,1954
126,1955
126,1956
126,1957
126,1958
126,1959
126,1960
126,1961
126,977
126,1962
126,1963
126,978
126,1964
126,1965
126,1966
126,1967
126,1968
126,1969
126,1970
126,1971
126,1972
126,1973
126,1974
126,1975
126,1976
126,1977
126,1978
126,1021
126,1979
126,1980
126,1981
126,1982
129,689
129,1983
129,1984
129,96
129,1985
129,1986
129,688
129,1987
129,1988
129,830
129,1989
129,130
129,1587
129,1990
129,1991
129,1169
129,1992
129,1993
129,694
129,687
129,1994
129,1469
129,568
129,1995
129,1996
129,1997
129,1998
129,428
129,1999
129,2000
129,129
129,2001
129,2002
129,2003
129,2004
129,2005
129,2006
129,2007
129,2008
129,2009
129,2010
129,2011
129,2012
129,2013
129,2014
129,1567
129,2015
129,2016
129,2017
129,2018
129,2019
129,1622
129,2020
129,2021
129,2022
129,2023
129,2024
129,2025
129,2026
129,2027
129,852
129,2028
129,2029
129,2030
129,2031
129,2032
129,2033
129,2034
129,2035
129,2036
129,2037
129,2038
129,894
129,2039
129,1502
129,685
129,148
132,132
132,2040
132,2041
132,134
132,2042
132,1247
132,133
132,2043
132,254
132,2044
132,2045
132,2046
132,924
132,2047
132,987
132,809
132,2048
132,2049
132,2050
132,2051
132,2052
132,2053
132,2054
132,2055
132,786
132,2056
136,2057
136,1734
136,2058
136,2059
136,2060
136,2061
136,2062
136,195
136,2063
136,2064
136,1336
136,2065
136,2066
136,2067
136,2068
136,249
136,141
136,2069
136,2070
136,137
136,2071
136,2048
136,2072
136,2073
136,2074
136,2075
136,2076
136,2077
136,2078
136,1699
136,802
136,2079
136,1701
136,924
136,767
136,2080
136,2081
136,2082
136,1666
136,2083
136,2084
493,2085
493,2086
493,2087
493,1431
493,2088
493,2089
493,1687
493,2090
493,2091
493,2092
493,2093
493,1700
493,809
493,2094
493,1227
493,1470
493,1516
493,2095
493,1489
493,2096
493,2097
493,995
493,446
493,419
493,2098
493,2099
493,2065
493,1292
493,1185
493,2100
493,2048
493,2101
493,1118
493,1608
493,924
493,1587
493,2102
493,1023
493,2103
493,2071
493,2058
493,1677
493,1069
493,2104
493,2105
493,2106
493,1075
493,2107
493,2108
493,2109
493,2110
493,2111
493,2112
493,2113
493,2114
493,2115
493,2116
493,2062
493,881
493,252
493,2117
493,383
493,2118
493,2119
493,2120
493,2121
493,2122
493,2123
493,137
493,32
493,2124
493,2125
493,2126
493,2127
493,2078
493,699
493,474
493,2128
493,2129
493,2130
493,2131
493,2132
493,2133
493,1336
493,2134
493,2069
493,2135
493,2136
493,138
493,2137
493,2138
493,2139
493,2140
493,189
493,466
493,2141
493,140
493,103
493,450
493,2142
493,1080
493,1762
493,2143
493,247
493,1932
493,493
493,2066
493,651
493,1672
493,802
493,1734
143,1623
143,1482
143,2144
143,2145
143,726
143,104
143,878
143,1999
143,2146
143,2147
143,735
143,164
143,721
143,2148
143,145
143,2149
143,2150
143,2151
143,2152
143,763
143,2153
143,309
143,749
143,2154
143,2155
143,753
143,155
143,2156
143,747
143,2157
143,754
143,2158
143,720
143,759
143,173
143,1650
143,175
143,176
143,746
143,157
143,2159
143,329
143,1399
143,762
143,2160
143,182
143,179
143,701
143,2161
143,810
143,2162
143,2163
143,2164
143,150
143,727
143,152
143,2165
143,2166
143,159
143,181
143,741
143,1181
143,2167
143,2168
143,2169
143,174
143,2170
143,114
143,2171
143,751
143,46
143,2172
143,2173
143,1680
143,2174
143,2175
143,1421
143,2176
143,2177
143,172
143,2178
143,162
143,47
143,2179
143,738
143,178
143,2180
143,2181
143,2182
143,2183
143,706
143,2184
143,630
143,166
143,734
143,2185
143,742
143,2186
143,757
143,2187
143,2188
143,731
143,2189
143,2190
143,2191
143,708
143,1417
143,730
143,798
143,1080
143,1405
143,766
143,752
143,2192
143,2193
143,149
143,737
143,2194
143,2195
143,2196
143,739
143,2197
143,1192
143,1613
143,2198
143,163
143,2199
143,154
143,171
143,2200
143,170
143,2201
143,2202
143,2203
143,2204
143,2205
143,724
143,2206
143,96
143,2207
143,1103
143,2028
143,704
143,2208
143,2209
143,2210
143,707
143,713
143,2211
143,2212
143,2213
143,10
143,180
143,2214
143,2215
143,2216
143,168
143,2217
143,429
143,2218
143,1030
143,165
143,678
143,2219
143,2220
143,2221
143,718
143,2222
143,2223
143,2224
143,2225
143,141
143,2226
143,2227
143,2228
143,710
143,2229
143,2230
143,339
143,203
143,2231
143,2232
143,160
143,2233
143,2006
143,2234
143,2235
143,32
143,147
143,765
143,722
143,2236
143,2237
143,760
143,167
143,221
143,719
143,2238
143,2239
143,806
143,2008
143,2240
143,748
143,2241
143,716
143,2242
143,148
143,256
143,2243
143,143
143,1599
143,709
143,2244
143,761
143,1101
143,640
143,142
143,712
143,756
143,705
143,2245
494,2246
189,902
189,2247
189,1739
189,826
189,1237
189,2248
189,188
189,2249
189,1635
189,2070
189,1537
189,1564
189,2250
189,831
189,2251
189,2252
189,2253
189,2208
189,820
189,2254
189,2255
189,353
189,202
189,2256
189,1479
189,1427
189,2257
189,2258
189,2259
189,2260
189,2261
189,1628
189,2262
189,2263
189,2048
189,2153
189,2161
189,616
189,2264
189,2265
189,1596
189,2266
189,2267
189,2268
189,2240
189,2083
189,1708
189,2269
189,128
189,2270
189,2271
189,819
189,2272
189,2273
189,178
189,2274
189,815
189,2275
189,2276
189,451
189,2277
189,2278
189,2279
189,2280
189,2281
189,2282
189,27
189,2283
189,2284
189,2285
189,2286
189,1591
189,1330
189,2101
189,2287
189,2288
189,2289
189,1480
189,1992
189,2290
189,1312
189,2291
189,1575
189,1336
189,852
189,2292
189,204
189,2293
189,12
189,75
189,2294
189,226
189,2295
189,186
189,2296
189,2297
189,2298
189,535
189,2299
189,2087
189,2300
189,1488
189,1553
189,2301
189,2167
189,2302
189,716
189,2303
189,2304
189,1108
189,2305
189,1665
189,2306
189,1589
189,1821
189,2307
189,1525
189,5
189,2308
189,2309
189,1298
189,830
189,2310
189,2311
189,2312
189,241
189,2313
189,2314
189,2315
189,2316
189,1622
189,1285
189,2317
189,2318
189,2131
189,2319
189,825
189,2320
189,104
189,2321
189,2322
189,1761
189,802
189,2323
189,2324
189,2325
189,1027
189,822
189,1948
189,2326
189,2327
189,2328
189,808
189,1149
189,2329
189,1404
189,409
189,2330
189,2331
189,572
189,836
189,2332
189,32
189,74
189,2333
189,2181
189,1466
189,2334
189,2335
189,2336
189,2337
189,2338
189,429
189,2339
189,2340
189,2341
189,2342
189,2343
189,2344
189,2345
189,1570
189,473
189,2346
189,2347
189,985
189,2348
189,2349
189,179
189,2350
189,2351
189,2352
189,2353
189,1419
189,2354
189,2355
189,1762
189,2356
189,269
189,2357
189,1517
189,1056
189,2358
189,2359
189,2360
189,2361
189,2158
189,2362
189,1438
189,2363
189,229
189,2364
189,1332
189,2365
189,888
189,2366
189,2367
189,1223
189,2368
189,1325
189,2369
189,2006
189,2370
189,2371
189,96
189,2372
189,2373
189,858
189,1580
189,2374
189,810
189,2375
189,2376
189,2377
189,2378
189,2379
189,1733
189,357
189,1303
189,1214
189,386
189,2380
189,1248
189,2381
189,15
189,2382
189,2383
189,2384
189,632
189,2385
189,2386
189,2387
189,2388
189,2389
189,889
189,18
189,2390
189,2391
189,2392
189,238
189,46
189,1984
189,2393
189,203
189,2036
189,2394
189,2395
189,2396
189,2397
189,2398
189,2399
189,1745
189,559
189,430
189,2400
189,1425
189,2401
189,2402
189,786
189,2403
189,1261
189,2404
189,974
189,2405
189,2406
189,1449
189,2407
189,2408
189,2409
189,2410
189,2411
189,1702
189,1510
189,2412
189,2413
189,2414
189,339
189,2415
189,1616
189,2416
189,195
189,2417
189,185
189,1284
189,2418
189,2419
189,2420
189,309
189,1273
189,1172
189,785
189,1605
189,2421
189,817
189,2422
189,2423
189,2424
189,2425
189,2426
189,2427
189,2428
189,2429
189,669
189,2430
189,1457
189,62
189,2431
189,2432
189,1403
189,205
189,1712
189,2433
189,2434
189,354
189,2435
189,1536
189,1470
189,2436
189,1447
189,2437
189,2438
189,2439
189,2440
189,2441
189,1760
189,51
189,2442
189,2443
189,2444
189,2445
189,2446
189,2447
189,2448
189,1424
189,2449
189,2450
189,2451
189,1582
189,1115
189,2452
189,2453
189,212
189,2454
189,1171
189,1247
189,2455
189,2456
189,233
189,875
189,2457
189,2458
189,775
189,1645
189,2459
189,2460
189,232
189,2461
189,2462
189,2463
189,2464
189,620
189,636
189,2076
189,480
189,1147
189,2465
189,2466
189,242
189,1671
189,2467
189,60
189,1292
189,1445
189,2468
189,995
189,2469
189,2470
189,2471
189,2472
189,2473
189,2474
189,1428
189,2475
189,2476
189,2477
189,2478
189,2479
189,759
189,2480
189,2481
189,2482
189,1199
189,1083
189,2483
189,1731
189,2484
189,797
189,2485
189,474
189,2486
189,2487
189,1400
189,156
189,2488
189,2489
189,1123
189,166
189,2094
189,2490
189,1680
189,1093
189,1416
189,2491
189,11
189,2492
189,767
189,2493
189,471
189,276
189,2494
189,1700
189,2495
189,293
189,651
189,2496
189,2497
189,806
189,2498
189,2499
189,1265
189,1639
189,2500
189,2501
189,2502
189,2503
189,972
189,2504
189,2505
189,769
189,957
189,2506
189,2507
189,2508
189,66
189,2509
189,94
189,231
189,2510
189,228
189,2511
189,1094
189,140
189,2512
189,2033
189,71
189,391
189,2513
189,1483
189,1540
189,1097
189,87
189,2234
189,1740
189,2514
189,2515
189,2516
189,1494
189,2517
189,2518
189,2519
189,1024
189,2520
189,198
189,418
189,1587
189,2521
189,2522
189,2523
189,1482
189,2524
189,2525
189,2526
189,1187
189,1233
189,1699
189,362
189,318
189,1311
189,623
189,2527
189,2528
189,2529
189,2530
189,2531
189,2532
189,2533
189,1491
189,794
189,2534
189,2535
189,1188
189,2536
189,2537
189,2538
189,2539
189,2540
189,2541
189,1177
189,2542
189,2543
189,244
189,2544
189,2545
189,2546
189,2547
189,2125
189,809
189,1698
189,884
189,2548
189,2549
189,2550
189,2551
189,2174
189,2552
189,4
189,2553
189,2554
189,2555
189,424
189,1653
189,2556
189,2557
189,1204
189,2558
189,214
189,2025
189,1489
189,2559
189,2560
189,385
189,2561
189,1526
189,1717
189,2562
189,2563
189,618
189,1315
189,2564
189,297
189,2565
189,2566
189,2567
189,2568
189,1748
189,2569
189,2570
189,2571
189,141
189,2572
189,2573
189,213
189,2574
189,2116
189,219
189,2575
189,192
189,2576
189,2577
189,2022
189,2018
189,2578
189,2579
189,2580
189,2019
189,2581
189,1851
189,2582
189,2583
189,2584
189,2585
189,256
189,2586
189,2587
189,2588
189,1290
189,2589
189,230
189,2244
189,172
189,2590
189,2591
189,2592
189,489
189,2593
189,1055
189,2594
189,120
189,2595
189,1102
189,2596
189,2597
189,221
189,2598
189,923
189,2599
189,2600
189,2075
189,2601
189,183
189,2060
189,1329
189,1625
189,2602
189,1688
189,1545
189,122
189,2603
189,1421
189,2604
189,2605
189,2039
189,211
189,2606
189,1567
189,279
189,1472
189,2079
189,2607
189,227
189,796
189,200
189,2608
189,553
189,1271
189,2609
189,196
189,2610
189,1687
189,2611
189,2612
189,2613
189,2614
189,2615
189,147
189,2050
189,1988
189,1613
189,2616
189,2617
189,2618
189,1518
189,798
189,2619
189,2620
189,2621
189,2622
189,99
189,2623
189,1266
189,402
189,2624
189,2625
189,1435
189,2626
189,1469
189,2627
189,29
189,2196
189,2628
189,2629
189,2198
189,1458
189,1422
189,2630
189,1492
189,1338
189,2631
189,1732
189,2632
189,2633
189,2634
189,2635
189,1399
189,2636
189,629
189,768
189,2637
189,2081
189,2638
189,2639
189,237
189,2640
189,2209
189,2641
189,807
189,2642
189,2643
189,2644
189,2645
189,1719
189,2646
189,2647
189,2648
189,2151
189,2649
189,2650
189,1300
189,2651
189,303
189,2652
189,2653
189,2654
189,2655
189,2059
189,1159
189,2656
189,103
189,645
189,2657
189,593
189,2658
189,154
189,2659
189,804
189,2660
189,1850
189,827
189,2661
189,1238
189,2662
189,1664
189,2663
189,2664
189,2665
189,223
189,2666
189,216
189,828
189,6
189,187
189,2667
189,1431
189,2668
189,76
189,184
189,2669
189,788
189,1170
189,1583
189,403
189,373
189,47
189,1615
189,568
189,2670
189,2671
189,102
189,2672
189,646
189,2673
189,2674
189,2675
189,215
189,2676
189,2677
189,1133
189,2678
189,496
189,612
189,2679
189,2680
189,2681
189,2682
189,655
189,2115
189,2683
189,689
189,2058
189,1414
189,350
189,1231
189,824
189,2684
189,2685
189,201
189,2686
189,2687
189,2688
189,1477
189,2689
189,2155
189,1726
189,1256
189,23
189,2690
189,2104
189,2044
189,2691
189,1158
189,358
189,2080
189,2692
189,2693
189,1651
189,1586
189,1072
189,2694
189,2695
189,116
189,1520
189,2696
189,2697
189,813
189,2698
189,2699
189,2095
189,2700
189,2701
189,2702
189,1061
189,792
189,2061
189,1181
189,2703
189,2704
189,2705
189,2706
189,2707
189,479
189,821
189,1250
189,1672
189,160
189,2708
189,1120
189,115
189,2709
189,2710
189,2711
189,2712
189,2713
189,687
189,870
189,2714
189,2715
189,189
189,2716
189,2717
189,2718
189,2719
189,753
189,2720
189,2721
189,2722
189,2723
189,770
189,2724
189,2725
189,997
189,2726
189,2727
189,2728
189,2729
189,2730
189,2731
189,2134
189,1750
189,2732
189,2733
189,2734
189,818
189,532
189,2735
189,2736
189,16
189,2737
189,1460
189,2738
189,2739
189,2740
189,2741
189,2742
189,2743
189,2744
189,1190
189,1705
189,2745
189,2746
189,2232
189,2747
189,2748
189,2749
189,2750
189,708
189,2751
189,2752
189,2753
189,2754
189,2755
189,2756
189,2757
189,1169
189,2758
189,2759
189,2760
189,2761
189,2762
189,1677
189,2763
189,2764
189,2765
189,776
189,381
189,2138
189,2766
189,986
189,2767
189,2093
189,2768
189,2769
189,2097
189,2770
189,2067
189,1563
189,1683
189,2771
189,2772
189,1998
189,2773
189,2774
189,2775
189,2776
189,2777
189,1603
189,2778
189,2779
189,803
189,1164
189,1754
189,2780
189,2781
189,481
189,2782
189,594
189,2783
189,537
189,1513
189,428
189,2784
189,2785
189,243
189,2786
189,2787
189,2788
189,2789
189,2790
189,2791
189,1691
189,1448
189,2792
189,2793
189,1721
189,2135
189,2794
189,2795
189,2796
189,97
189,2797
189,2798
189,257
189,1561
189,2799
189,2800
189,191
189,2801
189,2802
189,2803
189,240
189,2804
189,2805
189,790
189,2806
189,2807
189,2808
189,2809
189,438
189,1211
189,2810
189,2811
189,2812
189,2813
189,2814
189,800
189,2815
189,207
189,2816
189,308
189,2817
189,2818
189,2819
189,1092
189,793
189,2820
189,2821
189,2822
189,218
189,835
189,1154
189,2189
189,1544
189,2823
189,86
189,2824
189,2825
189,2826
189,1650
189,2827
189,2828
189,208
189,660
189,1504
189,2829
189,1407
189,2830
189,1415
189,762
189,777
189,781
189,2831
189,1620
189,2832
189,2833
189,2834
189,431
189,2835
189,190
189,688
189,694
495,1792
495,1935
495,1820
495,1810
495,1962
495,1970
495,1934
495,2836
495,1871
495,1909
495,1872
495,1795
495,1960
495,1853
495,1956
495,1770
495,1769
495,1775
495,2837
495,1840
495,1973
495,1834
495,1804
495,1852
495,1943
495,1886
495,1782
495,1827
495,1937
495,1778
495,1931
495,1974
495,1816
495,1817
495,1809
495,1976
495,1772
495,1978
495,1941
495,1830
495,2838
495,1793
495,1803
495,1939
495,2839
495,1806
495,1865
495,1887
495,1849
495,2840
495,2841
495,1814
495,1895
495,2842
495,1950
495,2843
495,1966
495,1946
495,1901
495,1971
495,1832
495,1945
495,1977
495,2844
495,1784
495,1922
495,1777
495,2845
495,1808
495,1926
495,1911
495,1785
495,1961
495,2846
495,1787
495,1818
495,1917
495,1910
495,1768
495,1927
495,1837
495,1856
495,2847
495,1920
495,1822
495,1881
495,1773
495,1847
495,1944
495,2848
495,1905
495,1800
495,2849
495,1786
495,1914
495,1833
495,2850
495,2851
495,1781
495,1894
495,1968
495,1819
495,1981
495,1947
495,1860
495,1783
495,1854
495,1857
495,1952
495,2852
495,2853
495,1801
495,1913
495,1836
495,2854
495,2855
495,1891
495,1975
495,2856
495,1955
495,1979
495,1982
495,1846
495,1794
496,2084
496,2857
496,2139
496,2100
496,2858
496,2859
496,134
496,2860
496,2861
496,2083
496,2862
496,2863
496,2864
496,2691
496,2865
496,308
496,2866
496,2867
496,2868
496,2869
496,428
496,2870
496,1088
496,2140
496,2871
496,1171
496,2536
496,1005
496,2070
496,1023
496,2371
496,1561
496,2872
496,85
496,2873
496,2874
496,2875
496,2115
496,1407
496,1582
496,2876
496,1608
496,249
496,2877
496,2878
496,2879
496,2880
496,2244
496,2097
496,2721
496,2555
496,2881
496,2882
496,2883
496,2884
496,432
496,2261
496,2885
496,2886
496,1441
496,1700
496,2887
496,5
496,1330
496,2888
496,1328
496,2889
496,2106
496,2890
496,2891
496,2892
496,2893
496,2894
496,1526
496,2895
496,2896
496,250
496,2897
496,2898
496,2899
496,810
496,2900
496,2901
496,2902
496,2903
496,2334
496,137
496,1304
496,2904
496,2905
496,2765
496,2138
496,2906
496,2907
496,924
496,2908
496,2909
496,2779
496,2079
496,1666
496,2910
496,2911
496,1494
496,2750
496,104
496,2483
496,2912
496,2913
496,2914
496,2915
496,968
496,2916
496,2917
496,2189
496,2576
496,2918
496,2919
496,2920
496,2709
496,2921
496,1160
496,2922
496,2923
496,474
496,2835
496,60
496,2924
496,2925
496,2259
496,802
496,2058
496,2112
496,2926
496,2128
496,1998
496,2134
496,2927
496,2928
496,2929
496,446
496,1080
496,2827
496,1024
496,2930
496,2931
496,2932
496,2933
496,2934
496,2786
496,2935
496,2936
496,1762
496,2044
496,2937
496,152
496,2490
496,809
496,2506
496,353
496,2268
496,248
496,2048
496,2143
496,2938
496,2137
496,2343
496,2939
496,1563
496,2940
496,2941
496,2278
496,2122
496,2942
496,2943
496,2114
496,1054
496,2944
496,2945
496,2307
496,262
496,2946
496,2947
496,957
496,2948
496,2095
496,2949
496,2950
496,2609
496,2951
496,1169
496,2952
496,632
496,2057
496,2953
496,2954
496,2955
496,2956
496,2629
496,2456
496,2957
496,2510
496,2958
496,2959
496,2960
496,2961
496,424
496,2426
496,2962
496,2963
496,2964
496,2530
496,32
496,2965
496,2113
496,2966
496,2967
496,354
496,2968
496,2624
496,2969
496,2970
496,2076
496,2971
496,2396
496,2972
496,2645
496,2110
496,2973
496,995
496,2520
496,1343
496,2974
496,1289
496,2975
496,1308
496,247
496,2976
496,1247
496,2561
496,2977
496,2978
496,2517
496,2655
496,2368
496,2979
496,2980
496,2981
496,2611
496,2982
496,2570
496,2250
496,2050
496,2983
496,2984
496,1577
496,450
496,2985
496,2748
496,2986
496,2987
496,2988
496,2098
496,2989
496,2990
496,2991
496,2135
496,2992
496,2993
496,2628
496,2547
496,2994
496,1734
496,974
496,2995
496,2109
496,2121
496,2503
496,2131
496,2996
496,2404
496,2997
496,2998
496,792
496,2999
496,3000
496,3001
496,3002
496,2099
252,3003
252,3004
252,839
252,842
252,474
252,2078
252,261
252,3005
252,3006
252,280
252,3007
252,3008
252,278
252,3009
252,2132
252,2975
252,3010
252,88
252,308
252,3011
252,821
252,2386
252,1717
252,2061
252,810
252,3012
252,2438
252,3013
252,406
252,3014
252,3015
252,289
252,264
252,1762
252,3002
252,809
252,3016
252,163
252,3017
252,2114
252,2506
252,1154
252,3018
252,3019
252,2087
252,1998
252,3020
252,3021
252,2307
252,3022
252,3023
252,24
252,216
252,421
252,3024
252,3025
252,2096
252,3026
252,2914
252,386
252,3027
252,381
252,1683
252,259
252,279
252,2121
252,3028
252,3029
252,3030
252,861
252,3031
252,3032
252,866
252,291
252,3033
252,3034
252,2958
252,1449
252,1325
252,1147
252,450
252,432
252,2561
252,3035
252,271
252,400
252,373
252,96
252,3036
252,3037
252,847
252,3038
252,3039
252,241
252,3040
252,1093
252,3041
252,262
252,2927
252,424
252,864
252,2250
252,23
252,255
252,160
252,3042
252,3043
252,2361
252,3044
252,3045
252,257
252,2240
252,2962
252,3046
252,1188
252,2922
252,3047
252,1679
252,1701
252,3048
252,686
252,3049
252,3050
252,862
252,3051
252,858
252,2337
252,889
252,3052
252,3053
252,3054
252,792
252,249
252,283
252,1567
252,431
252,1548
252,3055
252,3056
252,2306
252,3057
252,3058
252,3059
252,1108
252,2059
252,2280
252,1321
252,2644
252,763
252,276
252,1677
252,1149
252,1064
252,71
252,1748
252,2959
252,2089
252,3060
252,3061
252,3062
252,3063
252,3064
252,3065
252,2995
252,256
252,130
252,2135
252,288
252,2072
252,2189
252,152
252,3066
252,1582
252,428
252,3067
252,1608
252,2125
252,830
252,3068
252,1719
252,1179
252,203
252,850
252,852
252,3069
252,1118
252,2136
252,3070
252,2706
252,802
252,2006
252,3071
252,3072
252,1138
252,3073
252,318
252,1552
252,3074
252,3075
252,1355
252,2349
252,3076
252,3077
252,247
252,3078
252,2083
252,3079
252,292
252,287
252,166
252,2346
252,294
252,141
252,1622
252,179
252,3080
252,3081
252,3082
252,2645
252,3083
252,3084
252,3085
252,3086
252,419
252,3087
252,267
252,3088
252,572
252,3089
252,3090
252,3091
252,2343
252,2944
252,285
252,881
252,2471
252,3092
252,928
252,3093
252,3094
252,392
252,1589
252,3095
252,1586
252,464
252,258
252,3096
252,3097
252,2434
252,3098
252,3099
252,3100
252,357
252,103
252,269
252,3101
252,1362
252,2271
252,3102
252,409
252,3103
252,69
252,104
252,254
252,420
252,680
252,3104
252,1524
252,3105
252,3106
252,1631
252,1408
252,2602
252,1587
252,1639
252,266
252,1167
252,286
252,2383
252,2800
252,3107
252,3108
252,2952
252,1475
252,1727
252,3109
252,408
252,3110
252,3111
252,632
252,466
252,1986
252,1503
252,3112
252,3113
252,867
252,32
252,2637
252,405
252,81
252,2142
252,268
252,3114
252,2134
252,3115
252,250
252,443
252,362
252,3116
252,3117
252,3118
252,2833
252,2613
252,293
252,253
252,2418
252,3119
252,3120
252,3121
252,3122
252,1262
252,3123
252,3124
252,1687
252,275
252,3125
252,273
252,3126
252,3127
252,1737
252,3024
252,260
252,3128
252,2322
252,1193
252,3129
252,3130
252,3131
252,3132
252,924
252,1275
252,87
252,3133
252,3134
252,3135
252,1256
252,3136
252,1504
252,2255
252,2151
252,251
252,1248
252,2367
252,3137
252,3138
252,282
252,3139
252,3140
252,1285
252,1102
252,3141
252,3142
252,263
252,3143
252,3144
252,159
497,2370
497,3145
497,3146
497,372
497,3147
497,312
497,323
497,308
497,3148
497,2155
497,3087
497,3149
497,3150
497,3151
497,3133
497,314
497,3152
497,329
497,297
497,2033
497,3153
497,3154
497,347
497,354
497,3155
497,3156
497,3157
497,3158
497,3159
497,3160
497,3161
497,3162
497,315
497,3163
497,3164
497,345
497,3165
497,163
497,3166
497,3167
497,337
497,342
497,311
497,3168
497,3169
497,3170
497,3171
497,3172
497,338
497,296
497,1256
497,3173
497,471
497,3174
497,1715
497,3175
497,341
497,313
497,2665
497,3176
497,3177
497,302
497,3178
497,3179
497,3180
497,350
497,3181
497,309
497,3182
497,3183
497,3184
497,3185
497,1593
497,318
497,3186
497,2823
497,3187
497,3188
497,344
497,3189
497,1339
497,3190
497,3191
497,3192
497,2958
497,130
497,348
497,3193
497,3194
497,1491
497,1290
497,3195
497,340
497,3196
497,468
497,3197
497,353
497,2544
497,2226
497,3198
497,351
497,3199
497,322
497,202
497,3200
497,3201
497,3202
497,339
497,316
497,3203
497,319
497,3204
497,3205
497,335
497,2828
497,3206
497,305
497,299
497,2247
497,324
497,3207
497,1603
497,3208
497,3209
497,2643
497,191
497,3210
497,3211
497,303
497,298
497,3212
497,724
497,307
498,869
498,870
498,1789
356,2167
356,3213
356,3214
356,2705
356,172
356,385
356,2349
356,716
356,559
356,1466
356,3050
356,3215
356,2584
356,3216
356,3217
356,308
356,1984
356,3218
356,3219
356,3220
356,243
356,972
356,381
356,3221
356,179
356,1616
356,2609
356,3222
356,1130
356,318
356,373
356,1998
356,2605
356,3223
356,3224
356,1650
356,3225
356,3226
356,3227
356,3228
356,3229
356,375
356,1488
356,631
356,3230
356,3231
356,3232
356,3233
356,3234
356,912
356,3235
356,3236
356,3237
356,3146
356,3238
356,3239
356,2185
356,291
356,3240
356,168
356,3241
356,3242
356,1430
356,3243
356,966
356,1739
356,3244
356,166
356,364
356,821
356,357
356,3245
356,3246
356,1583
356,3247
356,3248
356,3249
356,1653
356,3250
356,2132
356,2015
356,2469
356,345
356,32
356,1186
356,3251
356,3252
356,3253
356,3254
356,1479
356,3255
356,549
356,3256
356,365
356,3257
356,3258
356,2296
356,3259
356,2945
356,174
356,3260
356,2807
356,2919
356,3261
356,3262
356,3263
356,2158
356,762
356,2381
356,304
356,2815
356,3264
356,378
356,3265
356,1449
356,3093
356,1519
356,481
356,3266
356,1164
356,3267
356,1630
356,149
356,3268
356,2541
356,405
356,3269
356,1540
356,403
356,2475
356,2279
356,3033
356,3270
356,3271
356,2954
356,852
356,75
356,3272
356,406
356,3273
356,3274
356,3275
356,3276
356,363
356,2234
356,390
356,3277
356,3278
356,2686
356,939
356,3279
356,3280
356,3281
356,2693
356,383
356,2862
356,3282
356,1727
356,3283
356,394
356,3284
356,438
356,116
356,3285
356,402
356,3072
356,3286
356,3287
356,3288
356,809
356,3289
356,2780
356,2882
356,1199
356,3290
356,908
356,1671
356,2799
356,441
356,3291
356,2602
356,3292
356,3293
356,738
356,3294
356,3295
356,1102
356,3296
356,3297
356,2706
356,160
356,2506
356,360
356,96
356,1719
356,3298
356,3299
356,1524
356,3300
356,3301
356,3302
356,3303
356,2321
356,3304
356,1589
356,3305
356,3306
356,2484
356,2487
356,3307
356,3308
356,473
356,3051
356,3309
356,2344
356,380
356,3310
356,392
356,660
356,3311
356,2337
356,900
356,428
356,898
356,882
356,881
356,3006
356,1248
356,2965
356,3312
356,2433
356,874
356,3313
356,3314
356,884
356,3315
356,3316
356,3317
356,127
356,686
356,1147
356,1187
356,3318
356,2477
356,2323
356,2195
356,3319
356,3320
356,3321
356,374
356,2374
356,3322
356,3323
356,1157
356,1628
356,3324
356,465
356,309
356,3325
356,1687
356,3326
356,393
356,1620
356,1256
356,396
356,3327
356,203
356,3328
356,1568
356,3329
356,3330
356,3331
356,3332
356,3333
356,3334
356,3335
356,1655
356,3166
356,3336
356,3337
356,633
356,1435
356,3338
356,1495
356,371
356,3339
356,1325
356,372
356,3340
356,3341
356,3342
356,3343
356,3344
356,759
356,3345
356,3346
356,1691
356,391
356,2343
356,3347
356,356
356,1408
356,3348
356,1085
356,3349
356,3350
356,3351
356,3154
356,3352
356,3353
356,3354
356,3355
356,906
356,3356
356,1530
356,1633
356,3357
356,104
356,3358
356,3359
356,708
356,1743
356,3360
356,397
356,3361
356,3362
356,362
356,1759
356,880
356,3363
356,3364
356,3103
356,3365
356,3366
356,1431
356,3367
356,3368
356,2339
356,3052
356,923
356,3369
356,3125
356,3370
356,1104
356,358
356,3371
356,3372
356,3373
356,875
356,3374
356,3375
356,2175
356,3376
356,3377
356,3378
356,3379
356,361
356,3380
356,3381
356,3382
356,1423
356,1108
356,3383
356,515
356,102
356,3384
356,4
356,3385
356,825
356,2346
356,377
356,2573
356,315
356,3386
356,2572
356,386
356,3387
356,3388
356,3389
356,1440
356,3390
408,3391
408,1248
408,3392
408,3393
408,1633
408,3394
408,318
408,3395
408,104
408,3396
408,3094
408,889
408,802
408,3099
408,1261
408,1309
408,406
408,1510
408,1527
408,2274
408,3397
408,3398
408,3060
408,405
408,3399
408,3138
408,3400
408,2952
408,1424
408,2644
408,3401
408,3402
408,2072
408,1714
408,1188
408,449
408,3403
408,3404
408,986
408,3405
408,2071
408,2097
408,2438
408,2411
408,3406
408,1763
408,1304
408,3407
408,3086
408,3408
408,195
408,3409
408,2057
408,464
408,3051
408,3410
408,3411
408,3084
408,3140
408,428
408,3412
408,3413
408,1138
408,443
408,3017
408,2161
408,466
408,262
408,3414
408,3415
408,792
408,3122
408,1411
408,3416
408,3417
408,3048
408,446
408,3418
408,3419
408,2081
408,3121
408,1449
408,1597
408,3420
408,2868
408,1019
408,212
408,3062
408,995
408,3421
408,3043
408,1256
408,3422
408,2943
408,3423
408,3092
408,3424
408,2862
408,3425
408,1009
408,3426
408,3427
408,3053
408,3144
408,3069
408,1110
408,3025
408,3428
408,810
408,3429
408,3430
408,3431
408,3432
408,2136
408,2490
408,1118
408,408
408,3433
408,2525
408,3125
408,3434
408,3435
408,3123
408,3030
408,3436
408,3437
408,3438
408,3439
408,3440
408,3441
408,3143
408,3442
408,1172
408,474
408,3443
408,3444
408,3130
408,3445
408,2367
408,3046
408,424
408,3022
408,3446
408,3447
408,2863
408,2416
408,3448
408,3449
408,1325
408,1321
408,3450
408,1108
408,3451
408,1536
408,3452
408,3453
408,727
408,2918
408,2096
408,2109
408,3111
408,2116
408,1563
408,2115
408,3454
408,3103
408,1715
408,2800
408,3026
408,3087
408,3039
408,881
408,3455
408,3004
408,3456
408,924
408,250
408,2497
408,2517
408,2339
408,2089
408,2075
408,3457
408,2373
408,409
408,1350
408,2250
408,3458
408,2114
408,3459
408,957
408,1475
408,3126
408,3073
408,3112
408,3460
408,1079
408,3461
408,1262
408,3462
408,3463
408,2506
408,3464
408,3465
408,3466
408,470
408,1677
408,2313
408,3467
408,1355
408,2471
408,3468
408,3230
408,3081
408,1069
408,2480
408,2062
408,2914
408,2927
408,1155
408,2121
408,2132
408,2426
408,3469
408,3132
408,3470
408,3471
408,3472
408,3100
408,353
408,1691
408,3057
408,3108
408,2904
408,572
408,3473
408,1762
408,3474
408,680
408,3475
408,2135
408,2577
408,3476
408,3477
408,809
408,2870
408,3478
408,400
408,247
408,1687
408,3479
408,419
499,3480
499,2069
499,2533
499,3481
499,2767
499,1986
499,2151
499,413
499,1998
499,2647
499,3482
499,3483
499,411
499,3484
499,416
499,441
499,3463
499,2434
499,852
499,2886
499,3485
499,415
499,412
421,1262
421,457
421,2218
421,3486
421,3065
421,3100
421,466
421,2962
421,489
421,1188
421,3487
421,496
421,1608
421,1411
421,441
421,482
421,400
421,1570
421,3436
421,250
421,831
421,3030
421,1699
421,3053
421,2158
421,2121
421,429
421,3122
421,1247
421,2911
421,3488
421,3395
421,3086
421,3489
421,425
421,156
421,1256
421,3463
421,2314
421,1271
421,3490
421,680
421,460
421,1238
421,428
421,3013
421,3491
421,888
421,484
421,2132
421,480
421,2506
421,464
421,431
421,1069
421,3492
421,430
421,427
421,3084
421,2929
421,3493
421,3103
421,881
421,987
421,3494
421,2114
421,3495
421,3025
421,2191
421,1382
421,657
421,1589
421,426
421,3496
421,3497
421,449
421,3498
421,2059
421,249
421,3461
421,3130
421,447
421,203
421,3499
421,3123
421,1719
421,1677
421,2416
421,3022
421,3500
421,2644
421,3062
421,3501
421,2957
421,2613
421,2502
421,3112
421,450
421,3502
421,1325
421,470
421,469
421,2562
421,160
421,632
421,2078
421,444
421,2343
421,2109
421,2922
421,381
421,134
421,2083
421,419
421,2557
421,1552
421,1748
421,3011
421,487
421,2750
421,3503
421,3424
421,459
421,1762
421,3504
421,1538
421,3081
421,147
421,437
421,3039
421,3449
421,467
421,3505
421,432
421,1321
421,2561
421,103
421,1285
421,32
421,2072
421,2796
421,891
421,3144
421,809
421,2944
421,3506
421,490
421,1118
421,3507
421,240
421,87
421,3508
421,2596
421,3072
421,421
421,473
421,3509
421,3510
421,422
421,2142
421,247
421,488
421,928
421,465
421,420
421,2367
421,3413
421,3314
421,132
421,458
421,3451
421,446
421,3511
421,3512
421,461
421,2872
421,3046
421,386
421,3410
421,442
421,409
421,2947
421,424
421,2279
421,3078
421,3513
421,2198
421,438
421,4
421,3514
421,3137
421,3419
421,483
421,802
421,435
421,104
421,2942
421,475
421,418
421,471
421,1287
421,1355
421,3099
421,3052
421,141
421,468
421,297
421,2089
421,3036
421,2395
421,3037
421,2881
421,3095
421,1701
421,3515
421,2827
421,3516
421,2927
421,810
421,2299
421,3517
421,23
421,3427
421,99
421,2904
421,3026
421,1536
421,486
421,2589
421,3418
421,792
421,408
421,2136
421,3441
421,3005
421,852
421,3518
421,3519
421,3000
421,3520
421,1138
421,3147
421,1475
421,3521
421,3522
421,3523
421,3069
421,451
421,405
421,1575
421,262
421,2484
421,479
421,3524
421,3051
421,477
421,308
421,3004
421,3525
421,1469
421,2520
421,221
421,3526
421,3108
421,179
421,463
421,924
421,1683
421,1687
421,2919
421,474
421,3138
421,195
421,481
421,3102
421,3527
421,3405
421,1586
421,1449
421,1582
421,3528
421,889
421,3401
421,454
421,2349
421,2055
421,456
421,1248
421,3125
421,3076
421,436
421,434
421,1616
421,241
421,3478
421,3073
421,2879
421,1149
421,443
421,2952
421,3529
421,3121
421,2250
421,3096
421,1175
421,894
421,892
421,3530
421,3531
421,448
421,788