subgraph id = 36
Nreal : 7797
=================================
Partial list of 3003 members:

1	12	11	
1	13	11	
1	14	11	
1	19	11	
1	21	11	
1	22	11	
1	23	11	
1	24	11	
1	25	11	
1	26	11	
1	27	11	
1	28	11	
1	29	11	
1	30	11	
1	33	11	
1	35	11	
1	36	11	
1	37	11	
1	38	11	
1	39	11	
1	40	11	
1	42	11	
1	46	11	
1	53	11	
1	54	11	
1	19	16	
1	30	16	
1	39	16	
1	40	16	
1	41	16	
1	42	16	
1	43	16	
1	45	16	
1	46	16	
1	47	16	
1	48	16	
1	19	18	
1	21	18	
1	22	18	
1	23	18	
1	24	18	
1	25	18	
1	26	18	
1	27	18	
1	28	18	
1	29	18	
1	30	18	
1	33	18	
1	35	18	
1	36	18	
1	37	18	
1	38	18	
1	39	18	
1	40	18	
1	42	18	
1	46	18	
1	52	18	
1	53	18	
1	54	18	
1	33	31	
1	35	31	
1	36	31	
1	37	31	
1	38	31	
1	39	31	
1	40	31	
1	41	31	
1	42	31	
1	43	31	
1	44	31	
1	46	31	
1	52	31	
1	53	31	
1	54	31	
1	55	31	
1	59	31	
1	62	31	
1	63	31	
1	33	32	
1	35	32	
1	36	32	
1	37	32	
1	38	32	
1	39	32	
1	40	32	
1	41	32	
1	42	32	
1	43	32	
1	44	32	
1	46	32	
1	52	32	
1	53	32	
1	54	32	
1	55	32	
1	59	32	
1	62	32	
1	63	32	
1	64	32	
1	35	34	
1	36	34	
1	37	34	
1	39	34	
1	41	34	
1	43	34	
1	45	34	
1	46	34	
1	47	34	
1	48	34	
1	52	34	
1	53	34	
1	54	34	
1	55	34	
1	59	34	
1	63	34	
1	64	34	
1	56	49	
1	53	51	
1	54	51	
1	56	51	
1	62	51	
1	63	51	
1	62	61	
2	6	4	
2	22	4	
2	23	4	
2	24	4	
2	25	4	
2	26	4	
2	27	4	
2	28	4	
2	29	4	
2	30	4	
2	35	4	
2	36	4	
2	37	4	
2	43	4	
2	47	4	
2	48	4	
2	56	4	
2	64	4	
2	12	11	
2	13	11	
2	14	11	
2	19	11	
2	21	11	
2	22	11	
2	23	11	
2	24	11	
2	25	11	
2	26	11	
2	27	11	
2	28	11	
2	29	11	
2	30	11	
2	35	11	
2	36	11	
2	37	11	
2	38	11	
2	39	11	
2	40	11	
2	42	11	
2	46	11	
2	53	11	
2	54	11	
2	19	17	
2	21	17	
2	27	17	
2	38	17	
2	39	17	
2	40	17	
2	41	17	
2	42	17	
2	44	17	
2	52	17	
2	19	18	
2	21	18	
2	22	18	
2	23	18	
2	24	18	
2	25	18	
2	26	18	
2	27	18	
2	28	18	
2	29	18	
2	30	18	
2	35	18	
2	36	18	
2	37	18	
2	38	18	
2	39	18	
2	40	18	
2	42	18	
2	46	18	
2	52	18	
2	53	18	
2	54	18	
2	60	18	
2	35	31	
2	36	31	
2	37	31	
2	38	31	
2	39	31	
2	40	31	
2	41	31	
2	42	31	
2	43	31	
2	44	31	
2	46	31	
2	52	31	
2	53	31	
2	54	31	
2	55	31	
2	59	31	
2	62	31	
2	63	31	
2	35	32	
2	36	32	
2	37	32	
2	38	32	
2	39	32	
2	40	32	
2	41	32	
2	42	32	
2	43	32	
2	44	32	
2	46	32	
2	52	32	
2	53	32	
2	54	32	
2	55	32	
2	59	32	
2	60	32	
2	62	32	
2	63	32	
2	64	32	
2	35	34	
2	36	34	
2	37	34	
2	39	34	
2	41	34	
2	43	34	
2	45	34	
2	46	34	
2	47	34	
2	48	34	
2	52	34	
2	53	34	
2	54	34	
2	55	34	
2	59	34	
2	60	34	
2	63	34	
2	64	34	
2	56	49	
2	53	51	
2	54	51	
2	56	51	
2	60	51	
2	62	51	
2	63	51	
2	59	57	
2	60	57	
2	62	61	
3	12	11	
3	13	11	
3	14	11	
3	19	11	
3	21	11	
3	24	11	
3	27	11	
3	28	11	
3	29	11	
3	30	11	
3	33	11	
3	35	11	
3	36	11	
3	37	11	
3	38	11	
3	40	11	
3	42	11	
3	46	11	
3	53	11	
3	54	11	
3	19	17	
3	21	17	
3	27	17	
3	38	17	
3	40	17	
3	41	17	
3	42	17	
3	44	17	
3	52	17	
3	19	18	
3	21	18	
3	24	18	
3	27	18	
3	28	18	
3	29	18	
3	30	18	
3	33	18	
3	35	18	
3	36	18	
3	37	18	
3	38	18	
3	40	18	
3	42	18	
3	46	18	
3	52	18	
3	53	18	
3	54	18	
3	60	18	
3	33	31	
3	35	31	
3	36	31	
3	37	31	
3	38	31	
3	40	31	
3	41	31	
3	42	31	
3	43	31	
3	44	31	
3	46	31	
3	52	31	
3	53	31	
3	54	31	
3	55	31	
3	59	31	
3	62	31	
3	63	31	
3	33	32	
3	35	32	
3	36	32	
3	37	32	
3	38	32	
3	40	32	
3	41	32	
3	42	32	
3	43	32	
3	44	32	
3	46	32	
3	52	32	
3	53	32	
3	54	32	
3	55	32	
3	59	32	
3	60	32	
3	62	32	
3	63	32	
3	64	32	
3	35	34	
3	36	34	
3	37	34	
3	41	34	
3	43	34	
3	45	34	
3	46	34	
3	47	34	
3	52	34	
3	53	34	
3	54	34	
3	55	34	
3	59	34	
3	60	34	
3	63	34	
3	64	34	
3	56	49	
3	53	51	
3	54	51	
3	56	51	
3	60	51	
3	62	51	
3	63	51	
3	62	61	
4	12	11	
4	13	11	
4	14	11	
4	19	11	
4	21	11	
4	38	11	
4	39	11	
4	40	11	
4	42	11	
4	46	11	
4	53	11	
4	54	11	
4	19	17	
4	21	17	
4	38	17	
4	39	17	
4	40	17	
4	41	17	
4	42	17	
4	44	17	
4	52	17	
4	19	18	
4	21	18	
4	38	18	
4	39	18	
4	40	18	
4	42	18	
4	46	18	
4	52	18	
4	53	18	
4	54	18	
4	60	18	
4	39	34	
4	41	34	
4	45	34	
4	46	34	
4	52	34	
4	53	34	
4	54	34	
4	55	34	
4	59	34	
4	60	34	
4	63	34	
4	53	51	
4	54	51	
4	60	51	
4	62	51	
4	63	51	
4	62	61	
5	12	11	
5	13	11	
5	14	11	
5	19	11	
5	21	11	
5	22	11	
5	23	11	
5	24	11	
5	25	11	
5	26	11	
5	27	11	
5	28	11	
5	29	11	
5	30	11	
5	33	11	
5	35	11	
5	36	11	
5	37	11	
5	38	11	
5	39	11	
5	40	11	
5	42	11	
5	46	11	
5	53	11	
5	54	11	
5	19	16	
5	30	16	
5	39	16	
5	40	16	
5	41	16	
5	42	16	
5	43	16	
5	46	16	
5	19	17	
5	21	17	
5	27	17	
5	38	17	
5	39	17	
5	40	17	
5	41	17	
5	42	17	
5	44	17	
5	52	17	
5	19	18	
5	21	18	
5	22	18	
5	23	18	
5	24	18	
5	25	18	
5	26	18	
5	27	18	
5	28	18	
5	29	18	
5	30	18	
5	33	18	
5	35	18	
5	36	18	
5	37	18	
5	38	18	
5	39	18	
5	40	18	
5	42	18	
5	46	18	
5	52	18	
5	53	18	
5	54	18	
5	60	18	
5	33	31	
5	35	31	
5	36	31	
5	37	31	
5	38	31	
5	39	31	
5	40	31	
5	41	31	
5	42	31	
5	43	31	
5	44	31	
5	46	31	
5	52	31	
5	53	31	
5	54	31	
5	55	31	
5	59	31	
5	62	31	
5	63	31	
5	33	32	
5	35	32	
5	36	32	
5	37	32	
5	38	32	
5	39	32	
5	40	32	
5	41	32	
5	42	32	
5	43	32	
5	44	32	
5	46	32	
5	52	32	
5	53	32	
5	54	32	
5	55	32	
5	59	32	
5	60	32	
5	62	32	
5	63	32	
5	64	32	
5	35	34	
5	36	34	
5	37	34	
5	39	34	
5	41	34	
5	43	34	
5	46	34	
5	52	34	
5	53	34	
5	54	34	
5	55	34	
5	59	34	
5	60	34	
5	63	34	
5	64	34	
5	53	51	
5	54	51	
5	56	51	
5	60	51	
5	62	51	
5	63	51	
5	62	61	
6	12	11	
6	13	11	
6	14	11	
6	19	11	
6	21	11	
6	22	11	
6	23	11	
6	24	11	
6	25	11	
6	26	11	
6	27	11	
6	28	11	
6	29	11	
6	30	11	
6	33	11	
6	35	11	
6	38	11	
6	39	11	
6	40	11	
6	42	11	
6	46	11	
6	53	11	
6	54	11	
6	19	16	
6	30	16	
6	39	16	
6	40	16	
6	41	16	
6	42	16	
6	43	16	
6	45	16	
6	46	16	
6	47	16	
6	48	16	
6	19	17	
6	21	17	
6	27	17	
6	38	17	
6	39	17	
6	40	17	
6	41	17	
6	42	17	
6	44	17	
6	52	17	
6	19	18	
6	21	18	
6	22	18	
6	23	18	
6	24	18	
6	25	18	
6	26	18	
6	27	18	
6	28	18	
6	29	18	
6	30	18	
6	33	18	
6	35	18	
6	38	18	
6	39	18	
6	40	18	
6	42	18	
6	46	18	
6	52	18	
6	53	18	
6	54	18	
6	33	31	
6	35	31	
6	38	31	
6	39	31	
6	40	31	
6	41	31	
6	42	31	
6	43	31	
6	44	31	
6	46	31	
6	52	31	
6	53	31	
6	54	31	
6	55	31	
6	59	31	
6	62	31	
6	63	31	
6	33	32	
6	35	32	
6	38	32	
6	39	32	
6	40	32	
6	41	32	
6	42	32	
6	43	32	
6	44	32	
6	46	32	
6	52	32	
6	53	32	
6	54	32	
6	55	32	
6	59	32	
6	62	32	
6	63	32	
6	64	32	
6	35	34	
6	39	34	
6	41	34	
6	43	34	
6	45	34	
6	46	34	
6	47	34	
6	48	34	
6	52	34	
6	53	34	
6	54	34	
6	55	34	
6	59	34	
6	63	34	
6	64	34	
6	40	37	
6	53	51	
6	54	51	
6	56	51	
6	62	51	
6	63	51	
6	62	61	
7	12	11	
7	13	11	
7	14	11	
7	19	11	
7	21	11	
7	22	11	
7	23	11	
7	25	11	
7	26	11	
7	27	11	
7	28	11	
7	29	11	
7	30	11	
7	33	11	
7	35	11	
7	38	11	
7	39	11	
7	40	11	
7	42	11	
7	46	11	
7	53	11	
7	19	17	
7	21	17	
7	27	17	
7	38	17	
7	39	17	
7	40	17	
7	41	17	
7	42	17	
7	52	17	
7	19	18	
7	21	18	
7	22	18	
7	23	18	
7	25	18	
7	26	18	
7	27	18	
7	28	18	
7	29	18	
7	30	18	
7	33	18	
7	35	18	
7	38	18	
7	39	18	
7	40	18	
7	42	18	
7	46	18	
7	52	18	
7	53	18	
7	29	24	
7	33	31	
7	35	31	
7	38	31	
7	39	31	
7	40	31	
7	41	31	
7	42	31	
7	43	31	
7	46	31	
7	52	31	
7	53	31	
7	55	31	
7	62	31	
7	63	31	
7	33	32	
7	35	32	
7	38	32	
7	39	32	
7	40	32	
7	41	32	
7	42	32	
7	43	32	
7	46	32	
7	52	32	
7	53	32	
7	55	32	
7	62	32	
7	63	32	
7	64	32	
7	35	34	
7	39	34	
7	41	34	
7	43	34	
7	45	34	
7	46	34	
7	47	34	
7	48	34	
7	52	34	
7	53	34	
7	55	34	
7	63	34	
7	64	34	
7	40	37	
7	53	51	
7	56	51	
7	62	51	
7	63	51	
7	62	61	
8	19	16	
8	30	16	
8	39	16	
8	40	16	
8	41	16	
8	42	16	
8	45	16	
8	46	16	
8	47	16	
8	48	16	
8	19	17	
8	21	17	
8	27	17	
8	38	17	
8	39	17	
8	40	17	
8	41	17	
8	42	17	
8	44	17	
8	52	17	
8	33	31	
8	36	31	
8	37	31	
8	38	31	
8	39	31	
8	40	31	
8	41	31	
8	42	31	
8	44	31	
8	46	31	
8	52	31	
8	53	31	
8	54	31	
8	59	31	
8	62	31	
8	63	31	
8	33	32	
8	36	32	
8	37	32	
8	38	32	
8	39	32	
8	40	32	
8	41	32	
8	42	32	
8	44	32	
8	46	32	
8	52	32	
8	53	32	
8	54	32	
8	59	32	
8	62	32	
8	63	32	
8	64	32	
8	36	34	
8	37	34	
8	39	34	
8	41	34	
8	45	34	
8	46	34	
8	47	34	
8	48	34	
8	52	34	
8	53	34	
8	54	34	
8	59	34	
8	63	34	
8	64	34	
8	39	35	
8	41	35	
8	45	35	
8	47	35	
8	48	35	
8	52	43	
8	54	43	
8	51	49	
8	56	49	
8	51	50	
8	59	57	
8	62	61	
9	30	16	
9	40	16	
9	42	16	
9	43	16	
9	45	16	
9	46	16	
9	33	31	
9	35	31	
9	36	31	
9	37	31	
9	38	31	
9	40	31	
9	42	31	
9	43	31	
9	44	31	
9	46	31	
9	33	32	
9	35	32	
9	36	32	
9	37	32	
9	38	32	
9	40	32	
9	42	32	
9	43	32	
9	44	32	
9	46	32	
9	35	34	
9	36	34	
9	37	34	
9	43	34	
9	45	34	
9	46	34	
10	19	16	
10	30	16	
10	39	16	
10	40	16	
10	41	16	
10	42	16	
10	43	16	
10	45	16	
10	46	16	
10	47	16	
10	48	16	
10	19	17	
10	21	17	
10	27	17	
10	38	17	
10	39	17	
10	40	17	
10	41	17	
10	42	17	
10	44	17	
10	52	17	
10	19	18	
10	21	18	
10	22	18	
10	23	18	
10	24	18	
10	25	18	
10	26	18	
10	27	18	
10	28	18	
10	29	18	
10	30	18	
10	33	18	
10	35	18	
10	36	18	
10	37	18	
10	38	18	
10	39	18	
10	40	18	
10	42	18	
10	46	18	
10	52	18	
10	53	18	
10	54	18	
10	60	18	
10	21	20	
10	40	20	
10	42	20	
10	44	20	
10	46	20	
10	33	31	
10	35	31	
10	36	31	
10	37	31	
10	38	31	
10	39	31	
10	40	31	
10	41	31	
10	42	31	
10	43	31	
10	44	31	
10	46	31	
10	52	31	
10	53	31	
10	54	31	
10	55	31	
10	59	31	
10	62	31	
10	63	31	
10	33	32	
10	35	32	
10	36	32	
10	37	32	
10	38	32	
10	39	32	
10	40	32	
10	41	32	
10	42	32	
10	43	32	
10	44	32	
10	46	32	
10	52	32	
10	53	32	
10	54	32	
10	55	32	
10	59	32	
10	60	32	
10	62	32	
10	63	32	
10	64	32	
10	35	34	
10	36	34	
10	37	34	
10	39	34	
10	41	34	
10	43	34	
10	45	34	
10	46	34	
10	47	34	
10	48	34	
10	52	34	
10	53	34	
10	54	34	
10	55	34	
10	59	34	
10	60	34	
10	63	34	
10	64	34	
10	56	49	
10	53	51	
10	54	51	
10	56	51	
10	60	51	
10	62	51	
10	63	51	
10	59	57	
10	60	57	
10	62	61	
11	41	16	
6	22	4	
6	23	4	
6	24	4	
6	25	4	
6	26	4	
6	27	4	
6	28	4	
6	29	4	
6	30	4	
6	33	4	
6	35	4	
6	43	4	
6	47	4	
6	48	4	
6	56	4	
6	64	4	
6	45	5	
6	47	5	
6	48	5	
11	41	9	
11	47	9	
11	48	9	
11	52	9	
11	60	9	
11	62	9	
11	63	9	
11	64	9	
12	13	11	
12	14	11	
12	19	11	
12	21	11	
12	22	11	
12	23	11	
12	24	11	
12	25	11	
12	26	11	
12	27	11	
12	28	11	
12	29	11	
12	30	11	
12	33	11	
12	35	11	
12	36	11	
12	37	11	
12	38	11	
12	39	11	
12	40	11	
12	42	11	
12	46	11	
12	53	11	
12	54	11	
13	14	11	
13	19	11	
13	21	11	
13	22	11	
13	23	11	
13	24	11	
13	25	11	
13	26	11	
13	27	11	
13	28	11	
13	29	11	
13	30	11	
13	33	11	
13	35	11	
13	36	11	
13	37	11	
13	38	11	
13	39	11	
13	40	11	
13	42	11	
13	46	11	
13	54	11	
14	19	11	
14	21	11	
14	22	11	
14	23	11	
14	24	11	
14	25	11	
14	26	11	
14	27	11	
14	28	11	
14	29	11	
14	30	11	
14	33	11	
14	35	11	
14	38	11	
14	39	11	
14	40	11	
14	42	11	
14	46	11	
19	39	9	
19	41	9	
19	47	9	
19	48	9	
19	52	9	
19	53	9	
19	54	9	
19	60	9	
19	62	9	
19	63	9	
19	21	11	
19	22	11	
19	23	11	
19	24	11	
19	25	11	
19	26	11	
19	27	11	
19	28	11	
19	29	11	
19	30	11	
19	33	11	
19	35	11	
19	36	11	
19	37	11	
19	38	11	
19	39	11	
19	40	11	
19	42	11	
19	46	11	
19	53	11	
19	54	11	
19	30	16	
19	39	16	
19	40	16	
19	41	16	
19	42	16	
19	43	16	
19	45	16	
19	46	16	
19	47	16	
19	48	16	
19	21	17	
19	27	17	
19	38	17	
19	39	17	
19	40	17	
19	41	17	
19	42	17	
19	44	17	
19	52	17	
19	21	18	
19	22	18	
19	23	18	
19	24	18	
19	25	18	
19	26	18	
19	27	18	
19	28	18	
19	29	18	
19	30	18	
19	33	18	
19	35	18	
19	36	18	
19	37	18	
19	38	18	
19	39	18	
19	40	18	
19	42	18	
19	46	18	
19	52	18	
19	53	18	
19	54	18	
19	60	18	
21	22	11	
21	23	11	
21	24	11	
21	25	11	
21	26	11	
21	27	11	
21	28	11	
21	29	11	
21	30	11	
21	33	11	
21	35	11	
21	36	11	
21	37	11	
21	38	11	
21	39	11	
21	40	11	
21	42	11	
21	46	11	
21	27	17	
21	38	17	
21	39	17	
21	40	17	
21	41	17	
21	42	17	
21	44	17	
21	52	17	
21	22	18	
21	23	18	
21	24	18	
21	25	18	
21	26	18	
21	27	18	
21	28	18	
21	29	18	
21	30	18	
21	33	18	
21	35	18	
21	36	18	
21	37	18	
21	38	18	
21	39	18	
21	40	18	
21	42	18	
21	46	18	
21	52	18	
21	60	18	
21	40	20	
21	42	20	
21	44	20	
21	46	20	
22	23	3	
22	25	3	
22	26	3	
22	39	3	
22	48	3	
22	23	4	
22	24	4	
22	25	4	
22	26	4	
22	27	4	
22	28	4	
22	29	4	
22	30	4	
22	33	4	
22	35	4	
22	36	4	
22	37	4	
22	43	4	
22	47	4	
22	48	4	
22	56	4	
22	23	11	
22	24	11	
22	25	11	
22	26	11	
22	27	11	
22	28	11	
22	29	11	
22	30	11	
22	33	11	
22	35	11	
22	36	11	
22	37	11	
22	38	11	
22	39	11	
22	40	11	
22	42	11	
22	46	11	
22	53	11	
22	54	11	
22	23	18	
22	24	18	
22	25	18	
22	26	18	
22	27	18	
22	28	18	
22	29	18	
22	30	18	
22	33	18	
22	35	18	
22	36	18	
22	37	18	
22	38	18	
22	39	18	
22	40	18	
22	42	18	
22	46	18	
22	52	18	
22	53	18	
22	54	18	
23	25	3	
23	26	3	
23	39	3	
23	48	3	
23	24	4	
23	25	4	
23	26	4	
23	27	4	
23	28	4	
23	30	4	
23	33	4	
23	35	4	
23	36	4	
23	43	4	
23	47	4	
23	48	4	
23	56	4	
23	24	11	
23	25	11	
23	26	11	
23	27	11	
23	28	11	
23	30	11	
23	33	11	
23	35	11	
23	36	11	
23	38	11	
23	39	11	
23	40	11	
23	42	11	
23	46	11	
23	53	11	
23	54	11	
23	24	18	
23	25	18	
23	26	18	
23	27	18	
23	28	18	
23	30	18	
23	33	18	
23	35	18	
23	36	18	
23	38	18	
23	39	18	
23	40	18	
23	42	18	
23	46	18	
23	52	18	
23	53	18	
23	54	18	
24	25	4	
24	26	4	
24	27	4	
24	28	4	
24	30	4	
24	33	4	
24	35	4	
24	36	4	
24	43	4	
24	47	4	
24	48	4	
24	56	4	
24	25	11	
24	26	11	
24	27	11	
24	28	11	
24	30	11	
24	33	11	
24	35	11	
24	36	11	
24	38	11	
24	39	11	
24	40	11	
24	42	11	
24	46	11	
24	53	11	
24	54	11	
24	25	18	
24	26	18	
24	27	18	
24	28	18	
24	30	18	
24	33	18	
24	35	18	
24	36	18	
24	38	18	
24	39	18	
24	40	18	
24	42	18	
24	46	18	
24	52	18	
24	53	18	
24	54	18	
25	39	3	
25	48	3	
25	27	4	
25	28	4	
25	29	4	
25	30	4	
25	33	4	
25	35	4	
25	36	4	
25	37	4	
25	43	4	
25	47	4	
25	48	4	
25	56	4	
25	64	4	
25	27	11	
25	28	11	
25	29	11	
25	30	11	
25	33	11	
25	35	11	
25	36	11	
25	37	11	
25	38	11	
25	39	11	
25	40	11	
25	42	11	
25	46	11	
25	53	11	
25	54	11	
25	27	18	
25	28	18	
25	29	18	
25	30	18	
25	33	18	
25	35	18	
25	36	18	
25	37	18	
25	38	18	
25	39	18	
25	40	18	
25	42	18	
25	46	18	
25	52	18	
25	53	18	
25	54	18	
25	60	18	
26	39	3	
26	48	3	
26	27	4	
26	28	4	
26	29	4	
26	35	4	
26	36	4	
26	37	4	
26	43	4	
26	47	4	
26	48	4	
26	56	4	
26	27	11	
26	28	11	
26	29	11	
26	35	11	
26	36	11	
26	37	11	
26	39	11	
26	40	11	
26	42	11	
26	46	11	
26	53	11	
26	54	11	
26	27	18	
26	28	18	
26	29	18	
26	35	18	
26	36	18	
26	37	18	
26	39	18	
26	40	18	
26	42	18	
26	46	18	
26	52	18	
26	53	18	
26	54	18	
27	28	4	
27	29	4	
27	30	4	
27	33	4	
27	35	4	
27	36	4	
27	37	4	
27	43	4	
27	47	4	
27	48	4	
27	56	4	
27	28	11	
27	29	11	
27	30	11	
27	33	11	
27	35	11	
27	36	11	
27	37	11	
27	38	11	
27	39	11	
27	40	11	
27	42	11	
27	46	11	
27	53	11	
27	54	11	
27	38	17	
27	39	17	
27	40	17	
27	41	17	
27	42	17	
27	44	17	
27	52	17	
27	28	18	
27	29	18	
27	30	18	
27	33	18	
27	35	18	
27	36	18	
27	37	18	
27	38	18	
27	39	18	
27	40	18	
27	42	18	
27	46	18	
27	52	18	
27	53	18	
27	54	18	
28	30	4	
28	33	4	
28	36	4	
28	37	4	
28	43	4	
28	47	4	
28	48	4	
28	56	4	
28	30	11	
28	33	11	
28	36	11	
28	37	11	
28	38	11	
28	39	11	
28	40	11	
28	42	11	
28	46	11	
28	53	11	
28	54	11	
28	30	18	
28	33	18	
28	36	18	
28	37	18	
28	38	18	
28	39	18	
28	40	18	
28	42	18	
28	46	18	
28	52	18	
28	53	18	
28	54	18	
29	30	4	
29	33	4	
29	36	4	
29	37	4	
29	43	4	
29	47	4	
29	48	4	
29	56	4	
29	30	11	
29	33	11	
29	36	11	
29	37	11	
29	38	11	
29	39	11	
29	40	11	
29	42	11	
29	46	11	
29	53	11	
29	54	11	
29	30	18	
29	33	18	
29	36	18	
29	37	18	
29	38	18	
29	39	18	
29	40	18	
29	42	18	
29	46	18	
29	52	18	
29	53	18	
29	54	18	
30	33	4	
30	35	4	
30	36	4	
30	37	4	
30	43	4	
30	47	4	
30	48	4	
30	56	4	
30	33	11	
30	35	11	
30	36	11	
30	37	11	
30	38	11	
30	39	11	
30	40	11	
30	42	11	
30	46	11	
30	53	11	
30	54	11	
30	39	16	
30	40	16	
30	41	16	
30	42	16	
30	43	16	
30	45	16	
30	46	16	
30	47	16	
30	48	16	
30	33	18	
30	35	18	
30	36	18	
30	37	18	
30	38	18	
30	39	18	
30	40	18	
30	42	18	
30	46	18	
30	52	18	
30	53	18	
30	54	18	
30	60	18	
30	38	26	
33	35	4	
33	36	4	
33	37	4	
33	43	4	
33	47	4	
33	48	4	
33	56	4	
33	64	4	
33	35	11	
33	36	11	
33	37	11	
33	38	11	
33	39	11	
33	40	11	
33	42	11	
33	46	11	
33	53	11	
33	54	11	
33	35	18	
33	36	18	
33	37	18	
33	38	18	
33	39	18	
33	40	18	
33	42	18	
33	46	18	
33	52	18	
33	53	18	
33	54	18	
33	60	18	
33	35	31	
33	36	31	
33	37	31	
33	38	31	
33	39	31	
33	40	31	
33	41	31	
33	42	31	
33	43	31	
33	44	31	
33	46	31	
33	52	31	
33	53	31	
33	54	31	
33	55	31	
33	59	31	
33	62	31	
33	63	31	
33	35	32	
33	36	32	
33	37	32	
33	38	32	
33	39	32	
33	40	32	
33	41	32	
33	42	32	
33	43	32	
33	44	32	
33	46	32	
33	52	32	
33	53	32	
33	54	32	
33	55	32	
33	59	32	
33	60	32	
33	62	32	
33	63	32	
33	64	32	
35	36	4	
35	37	4	
35	56	4	
35	36	11	
35	37	11	
35	38	11	
35	40	11	
35	42	11	
35	46	11	
35	53	11	
35	54	11	
35	36	18	
35	37	18	
35	38	18	
35	40	18	
35	42	18	
35	46	18	
35	52	18	
35	53	18	
35	54	18	
35	60	18	
35	36	31	
35	37	31	
35	38	31	
35	40	31	
35	42	31	
35	44	31	
35	46	31	
35	52	31	
35	53	31	
35	54	31	
35	55	31	
35	59	31	
35	62	31	
35	63	31	
35	36	32	
35	37	32	
35	38	32	
35	40	32	
35	42	32	
35	44	32	
35	46	32	
35	52	32	
35	53	32	
35	54	32	
35	55	32	
35	59	32	
35	60	32	
35	62	32	
35	63	32	
35	36	34	
35	37	34	
35	46	34	
35	52	34	
35	53	34	
35	54	34	
35	55	34	
35	59	34	
35	60	34	
35	63	34	
36	37	4	
36	43	4	
36	47	4	
36	48	4	
36	56	4	
36	37	11	
36	38	11	
36	39	11	
36	40	11	
36	42	11	
36	46	11	
36	53	11	
36	54	11	
36	37	18	
36	38	18	
36	39	18	
36	40	18	
36	42	18	
36	46	18	
36	52	18	
36	53	18	
36	54	18	
36	60	18	
36	37	31	
36	38	31	
36	39	31	
36	40	31	
36	41	31	
36	42	31	
36	43	31	
36	44	31	
36	46	31	
36	52	31	
36	53	31	
36	54	31	
36	55	31	
36	59	31	
36	62	31	
36	63	31	
36	37	32	
36	38	32	
36	39	32	
36	40	32	
36	41	32	
36	42	32	
36	43	32	
36	44	32	
36	46	32	
36	52	32	
36	53	32	
36	54	32	
36	55	32	
36	59	32	
36	60	32	
36	62	32	
36	63	32	
36	37	34	
36	39	34	
36	41	34	
36	43	34	
36	45	34	
36	46	34	
36	47	34	
36	48	34	
36	52	34	
36	53	34	
36	54	34	
36	55	34	
36	59	34	
36	60	34	
36	63	34	
37	43	4	
37	47	4	
37	48	4	
37	56	4	
37	38	11	
37	39	11	
37	42	11	
37	46	11	
37	53	11	
37	38	18	
37	39	18	
37	42	18	
37	46	18	
37	52	18	
37	53	18	
37	38	31	
37	39	31	
37	41	31	
37	42	31	
37	43	31	
37	44	31	
37	46	31	
37	52	31	
37	53	31	
37	55	31	
37	59	31	
37	62	31	
37	63	31	
37	38	32	
37	39	32	
37	41	32	
37	42	32	
37	43	32	
37	44	32	
37	46	32	
37	52	32	
37	53	32	
37	55	32	
37	59	32	
37	62	32	
37	63	32	
37	39	34	
37	41	34	
37	43	34	
37	45	34	
37	46	34	
37	47	34	
37	48	34	
37	52	34	
37	53	34	
37	55	34	
37	59	34	
37	63	34	
38	39	11	
38	40	11	
38	42	11	
38	46	11	
38	53	11	
38	39	17	
38	40	17	
38	41	17	
38	42	17	
38	44	17	
38	52	17	
38	39	18	
38	40	18	
38	42	18	
38	46	18	
38	52	18	
38	53	18	
38	39	31	
38	40	31	
38	41	31	
38	42	31	
38	43	31	
38	44	31	
38	46	31	
38	52	31	
38	53	31	
38	55	31	
38	62	31	
38	39	32	
38	40	32	
38	41	32	
38	42	32	
38	43	32	
38	44	32	
38	46	32	
38	52	32	
38	53	32	
38	55	32	
38	62	32	
39	48	3	
39	41	9	
39	47	9	
39	48	9	
39	52	9	
39	53	9	
39	54	9	
39	55	9	
39	59	9	
39	60	9	
39	62	9	
39	63	9	
39	64	9	
39	40	11	
39	42	11	
39	46	11	
39	53	11	
39	54	11	
39	40	16	
39	41	16	
39	42	16	
39	46	16	
39	47	16	
39	48	16	
39	40	17	
39	41	17	
39	42	17	
39	44	17	
39	52	17	
39	40	18	
39	42	18	
39	46	18	
39	52	18	
39	53	18	
39	54	18	
39	60	18	
39	40	31	
39	41	31	
39	42	31	
39	44	31	
39	46	31	
39	52	31	
39	53	31	
39	54	31	
39	55	31	
39	59	31	
39	62	31	
39	63	31	
39	40	32	
39	41	32	
39	42	32	
39	44	32	
39	46	32	
39	52	32	
39	53	32	
39	54	32	
39	55	32	
39	59	32	
39	60	32	
39	62	32	
39	63	32	
39	64	32	
39	41	34	
39	46	34	
39	47	34	
39	48	34	
39	52	34	
39	53	34	
39	54	34	
39	55	34	
39	59	34	
39	60	34	
39	63	34	
39	64	34	
39	41	35	
39	47	35	
39	48	35	
40	42	11	
40	46	11	
40	53	11	
40	41	16	
40	42	16	
40	43	16	
40	45	16	
40	46	16	
40	47	16	
40	48	16	
40	41	17	
40	42	17	
40	44	17	
40	52	17	
40	42	18	
40	46	18	
40	52	18	
40	53	18	
40	42	20	
40	44	20	
40	46	20	
40	41	31	
40	42	31	
40	43	31	
40	44	31	
40	46	31	
40	52	31	
40	53	31	
40	55	31	
40	62	31	
40	41	32	
1	2	11	
1	3	11	
1	4	11	
1	5	11	
1	6	11	
1	7	11	
1	5	16	
1	6	16	
1	8	16	
1	9	16	
1	10	16	
1	12	16	
1	13	16	
1	15	16	
1	2	18	
1	3	18	
1	4	18	
1	5	18	
1	6	18	
1	7	18	
1	10	18	
1	12	18	
1	13	18	
1	14	18	
1	2	31	
1	3	31	
1	5	31	
1	6	31	
1	7	31	
1	8	31	
1	9	31	
1	10	31	
1	12	31	
1	13	31	
1	14	31	
1	15	31	
1	17	31	
1	19	31	
1	20	31	
1	21	31	
1	22	31	
1	23	31	
1	24	31	
1	25	31	
1	26	31	
1	27	31	
1	28	31	
1	29	31	
1	30	31	
1	2	32	
1	3	32	
1	5	32	
1	6	32	
1	7	32	
1	8	32	
1	9	32	
1	10	32	
1	12	32	
1	13	32	
1	14	32	
1	15	32	
1	17	32	
1	19	32	
1	20	32	
1	21	32	
1	22	32	
1	23	32	
1	24	32	
1	25	32	
1	26	32	
1	27	32	
1	28	32	
1	29	32	
1	30	32	
1	2	34	
1	3	34	
1	4	34	
1	5	34	
1	6	34	
1	7	34	
1	8	34	
1	9	34	
1	10	34	
1	12	34	
1	13	34	
1	15	34	
1	17	34	
1	22	34	
1	23	34	
1	24	34	
1	25	34	
1	26	34	
1	27	34	
1	28	34	
1	30	34	
1	33	34	
1	2	49	
1	3	49	
1	8	49	
1	10	49	
1	15	49	
1	39	49	
1	41	49	
1	43	49	
1	45	49	
1	47	49	
1	48	49	
1	2	50	
1	3	50	
1	4	50	
1	7	50	
1	8	50	
1	10	50	
1	12	50	
1	13	50	
1	15	50	
1	19	50	
1	30	50	
1	38	50	
1	39	50	
1	40	50	
1	41	50	
1	42	50	
1	43	50	
1	44	50	
1	45	50	
1	46	50	
1	2	51	
1	3	51	
1	4	51	
1	5	51	
1	6	51	
1	7	51	
1	10	51	
1	12	51	
1	13	51	
1	19	51	
1	22	51	
1	23	51	
1	24	51	
1	26	51	
1	27	51	
1	28	51	
1	29	51	
1	33	51	
1	35	51	
1	36	51	
1	37	51	
1	38	51	
1	39	51	
1	43	51	
1	46	51	
1	47	51	
1	48	51	
1	2	58	
1	3	58	
1	4	58	
1	5	58	
1	6	58	
1	7	58	
1	8	58	
1	10	58	
1	12	58	
1	13	58	
1	14	58	
1	15	58	
1	17	58	
1	19	58	
1	20	58	
1	21	58	
1	22	58	
1	23	58	
1	24	58	
1	26	58	
1	27	58	
1	28	58	
1	29	58	
1	30	58	
1	33	58	
1	35	58	
1	36	58	
1	37	58	
1	38	58	
1	39	58	
1	40	58	
1	41	58	
1	42	58	
1	43	58	
1	44	58	
1	45	58	
1	46	58	
1	48	58	
1	52	58	
1	53	58	
1	54	58	
1	6	60	
1	7	60	
1	8	60	
1	22	60	
1	23	60	
1	24	60	
1	26	60	
1	27	60	
1	28	60	
1	29	60	
1	37	60	
1	38	60	
1	40	60	
1	42	60	
1	44	60	
1	54	60	
1	2	61	
1	3	61	
1	4	61	
1	5	61	
1	6	61	
1	7	61	
1	8	61	
1	9	61	
1	10	61	
1	12	61	
1	13	61	
1	14	61	
1	17	61	
1	19	61	
1	20	61	
1	22	61	
1	23	61	
1	24	61	
1	25	61	
1	26	61	
1	27	61	
1	28	61	
1	29	61	
1	30	61	
1	33	61	
1	35	61	
1	36	61	
1	37	61	
1	38	61	
1	39	61	
1	40	61	
1	41	61	
1	42	61	
1	43	61	
1	44	61	
1	47	61	
1	48	61	
1	52	61	
1	55	61	
1	56	61	
1	57	61	
1	59	61	
2	3	11	
2	5	11	
2	6	11	
2	7	11	
2	3	17	
2	5	17	
2	6	17	
2	7	17	
2	8	17	
2	10	17	
2	12	17	
2	13	17	
2	14	17	
2	15	17	
2	3	18	
2	5	18	
2	6	18	
2	7	18	
2	10	18	
2	12	18	
2	13	18	
2	14	18	
2	3	31	
2	5	31	
2	6	31	
2	7	31	
2	8	31	
2	9	31	
2	10	31	
2	12	31	
2	13	31	
2	14	31	
2	15	31	
2	16	31	
2	19	31	
2	20	31	
2	21	31	
2	22	31	
2	23	31	
2	24	31	
2	25	31	
2	26	31	
2	27	31	
2	28	31	
2	29	31	
2	30	31	
2	3	32	
2	5	32	
2	6	32	
2	7	32	
2	8	32	
2	9	32	
2	10	32	
2	12	32	
2	13	32	
2	14	32	
2	15	32	
2	16	32	
2	19	32	
2	20	32	
2	21	32	
2	22	32	
2	23	32	
2	24	32	
2	25	32	
2	26	32	
2	27	32	
2	28	32	
2	29	32	
2	30	32	
2	26	33	
2	3	34	
2	5	34	
2	6	34	
2	7	34	
2	8	34	
2	9	34	
2	10	34	
2	12	34	
2	13	34	
2	15	34	
2	16	34	
2	22	34	
2	23	34	
2	24	34	
2	25	34	
2	26	34	
2	27	34	
2	28	34	
2	30	34	
2	3	49	
2	8	49	
2	10	49	
2	15	49	
2	39	49	
2	41	49	
2	43	49	
2	45	49	
2	47	49	
2	48	49	
2	3	50	
2	7	50	
2	8	50	
2	10	50	
2	12	50	
2	13	50	
2	15	50	
2	19	50	
2	30	50	
2	38	50	
2	39	50	
2	40	50	
2	41	50	
2	42	50	
2	43	50	
2	44	50	
2	45	50	
2	46	50	
2	3	51	
2	5	51	
2	6	51	
2	7	51	
2	10	51	
2	12	51	
2	13	51	
2	19	51	
2	22	51	
2	23	51	
2	24	51	
2	26	51	
2	27	51	
2	28	51	
2	29	51	
2	35	51	
2	36	51	
2	37	51	
2	38	51	
2	39	51	
2	43	51	
2	46	51	
2	47	51	
2	48	51	
2	8	57	
2	10	57	
2	12	57	
2	13	57	
2	14	57	
2	15	57	
2	16	57	
2	19	57	
2	20	57	
2	21	57	
2	29	57	
2	30	57	
2	39	57	
2	40	57	
2	41	57	
2	42	57	
2	44	57	
2	45	57	
2	46	57	
2	47	57	
2	48	57	
2	52	57	
2	53	57	
2	54	57	
2	56	57	
2	3	58	
2	5	58	
2	6	58	
2	7	58	
2	8	58	
2	10	58	
2	12	58	
2	13	58	
2	14	58	
2	15	58	
2	16	58	
2	19	58	
2	20	58	
2	21	58	
2	22	58	
2	23	58	
2	24	58	
2	26	58	
2	27	58	
2	28	58	
2	29	58	
2	30	58	
2	35	58	
2	36	58	
2	37	58	
2	38	58	
2	39	58	
2	40	58	
2	41	58	
2	42	58	
2	43	58	
2	44	58	
2	45	58	
2	46	58	
2	48	58	
2	52	58	
2	53	58	
2	54	58	
2	3	61	
2	5	61	
2	6	61	
2	7	61	
2	8	61	
2	9	61	
2	10	61	
2	12	61	
2	13	61	
2	14	61	
2	16	61	
2	19	61	
2	20	61	
2	22	61	
2	23	61	
2	24	61	
2	25	61	
2	26	61	
2	27	61	
2	28	61	
2	29	61	
2	30	61	
2	35	61	
2	36	61	
2	37	61	
2	38	61	
2	39	61	
2	40	61	
2	41	61	
2	42	61	
2	43	61	
2	44	61	
2	47	61	
2	48	61	
2	52	61	
2	55	61	
2	56	61	
2	59	61	
2	60	61	
3	4	11	
3	5	11	
3	6	11	
3	7	11	
3	4	17	
3	5	17	
3	6	17	
3	7	17	
3	8	17	
3	10	17	
3	12	17	
3	13	17	
3	14	17	
3	15	17	
3	4	18	
3	5	18	
3	6	18	
3	7	18	
3	10	18	
3	12	18	
3	13	18	
3	14	18	
3	5	31	
3	6	31	
3	7	31	
3	8	31	
3	9	31	
3	10	31	
3	12	31	
3	13	31	
3	14	31	
3	15	31	
3	16	31	
3	19	31	
3	20	31	
3	21	31	
3	24	31	
3	27	31	
3	28	31	
3	29	31	
3	30	31	
3	5	32	
3	6	32	
3	7	32	
3	8	32	
3	9	32	
3	10	32	
3	12	32	
3	13	32	
3	14	32	
3	15	32	
3	16	32	
3	19	32	
3	20	32	
3	21	32	
3	24	32	
3	27	32	
3	28	32	
3	29	32	
3	30	32	
3	4	34	
3	5	34	
3	6	34	
3	7	34	
3	8	34	
3	9	34	
3	10	34	
3	12	34	
3	13	34	
3	15	34	
3	16	34	
3	24	34	
3	27	34	
3	28	34	
3	30	34	
3	33	34	
3	8	49	
3	10	49	
3	15	49	
3	41	49	
3	43	49	
3	45	49	
3	47	49	
3	4	50	
3	7	50	
3	8	50	
3	10	50	
3	12	50	
3	13	50	
3	15	50	
3	19	50	
3	30	50	
3	38	50	
3	40	50	
3	41	50	
3	42	50	
3	43	50	
3	44	50	
3	45	50	
3	46	50	
3	4	51	
3	5	51	
3	6	51	
3	7	51	
3	10	51	
3	12	51	
3	13	51	
3	19	51	
3	24	51	
3	27	51	
3	28	51	
3	29	51	
3	33	51	
3	35	51	
3	36	51	
3	37	51	
3	38	51	
3	43	51	
3	46	51	
3	47	51	
3	4	58	
3	5	58	
3	6	58	
3	7	58	
3	8	58	
3	10	58	
3	12	58	
3	13	58	
3	14	58	
3	15	58	
3	16	58	
3	19	58	
3	20	58	
3	21	58	
3	24	58	
3	27	58	
3	28	58	
3	29	58	
3	30	58	
3	33	58	
3	35	58	
3	36	58	
3	37	58	
3	38	58	
3	40	58	
3	41	58	
3	42	58	
3	43	58	
3	44	58	
3	45	58	
3	46	58	
3	52	58	
3	53	58	
3	54	58	
3	4	61	
3	5	61	
3	6	61	
3	7	61	
3	8	61	
3	9	61	
3	10	61	
3	12	61	
3	13	61	
3	14	61	
3	16	61	
3	19	61	
3	20	61	
3	24	61	
3	27	61	
3	28	61	
3	29	61	
3	30	61	
3	33	61	
3	35	61	
3	36	61	
3	37	61	
3	38	61	
3	40	61	
3	41	61	
3	42	61	
3	43	61	
3	44	61	
3	47	61	
3	52	61	
3	55	61	
3	56	61	
3	57	61	
3	59	61	
3	60	61	
4	5	11	
4	7	11	
4	5	17	
4	7	17	
4	8	17	
4	10	17	
4	12	17	
4	13	17	
4	14	17	
4	15	17	
4	5	18	
4	7	18	
4	10	18	
4	12	18	
4	13	18	
4	14	18	
4	5	34	
4	7	34	
4	8	34	
4	9	34	
4	10	34	
4	12	34	
4	13	34	
4	15	34	
4	16	34	
4	7	50	
4	8	50	
4	10	50	
4	12	50	
4	13	50	
4	15	50	
4	19	50	
4	38	50	
4	39	50	
4	40	50	
4	41	50	
4	42	50	
4	44	50	
4	45	50	
4	46	50	
4	5	51	
4	7	51	
4	10	51	
4	12	51	
4	13	51	
4	19	51	
4	38	51	
4	39	51	
4	46	51	
4	5	58	
4	7	58	
4	8	58	
4	10	58	
4	12	58	
4	13	58	
4	14	58	
4	15	58	
4	16	58	
4	19	58	
4	20	58	
4	21	58	
4	38	58	
4	39	58	
4	40	58	
4	41	58	
4	42	58	
4	44	58	
4	45	58	
4	46	58	
4	49	58	
4	52	58	
4	53	58	
4	54	58	
4	5	61	
4	7	61	
4	8	61	
4	9	61	
4	10	61	
4	12	61	
4	13	61	
4	14	61	
4	16	61	
4	19	61	
4	20	61	
4	38	61	
4	39	61	
4	40	61	
4	41	61	
4	42	61	
4	44	61	
4	52	61	
4	55	61	
4	57	61	
4	59	61	
4	60	61	
5	7	11	
5	8	16	
5	9	16	
5	10	16	
5	12	16	
5	13	16	
5	15	16	
5	7	17	
5	8	17	
5	10	17	
5	12	17	
5	13	17	
5	14	17	
5	15	17	
5	7	18	
5	10	18	
5	12	18	
5	13	18	
5	14	18	
5	7	31	
5	8	31	
5	9	31	
5	10	31	
5	12	31	
5	13	31	
5	14	31	
5	15	31	
5	19	31	
5	20	31	
5	21	31	
5	22	31	
5	23	31	
5	24	31	
5	25	31	
5	26	31	
5	27	31	
5	28	31	
5	29	31	
5	30	31	
5	7	32	
5	8	32	
5	9	32	
5	10	32	
5	12	32	
5	13	32	
5	14	32	
5	15	32	
5	19	32	
5	20	32	
5	21	32	
5	22	32	
5	23	32	
5	24	32	
5	25	32	
5	26	32	
5	27	32	
5	28	32	
5	29	32	
5	30	32	
5	7	34	
5	8	34	
5	9	34	
5	10	34	
5	12	34	
5	13	34	
5	15	34	
5	22	34	
5	23	34	
5	24	34	
5	25	34	
5	26	34	
5	27	34	
5	28	34	
5	30	34	
5	33	34	
5	7	51	
5	10	51	
5	12	51	
5	13	51	
5	19	51	
5	22	51	
5	23	51	
5	24	51	
5	26	51	
5	27	51	
5	28	51	
5	29	51	
5	33	51	
5	35	51	
5	36	51	
5	37	51	
5	38	51	
5	39	51	
5	43	51	
5	46	51	
5	7	58	
5	8	58	
5	10	58	
5	12	58	
5	13	58	
5	14	58	
5	15	58	
5	19	58	
5	20	58	
5	21	58	
5	22	58	
5	23	58	
5	24	58	
5	26	58	
5	27	58	
5	28	58	
5	29	58	
5	30	58	
5	33	58	
5	35	58	
5	36	58	
5	37	58	
5	38	58	
5	39	58	
5	40	58	
5	41	58	
5	42	58	
5	43	58	
5	44	58	
5	46	58	
5	49	58	
5	52	58	
5	53	58	
5	54	58	
5	7	61	
5	8	61	
5	9	61	
5	10	61	
5	12	61	
5	13	61	
5	14	61	
5	19	61	
5	20	61	
5	22	61	
5	23	61	
5	24	61	
5	25	61	
5	26	61	
5	27	61	
5	28	61	
5	29	61	
5	30	61	
5	33	61	
5	35	61	
5	36	61	
5	37	61	
5	38	61	
5	39	61	
5	40	61	
5	41	61	
5	42	61	
5	43	61	
5	44	61	
5	52	61	
5	55	61	
5	56	61	
5	57	61	
5	59	61	
5	60	61	
6	7	11	
6	8	16	
6	9	16	
6	10	16	
6	12	16	
6	13	16	
6	15	16	
6	7	17	
6	8	17	
6	10	17	
6	12	17	
6	13	17	
6	14	17	
6	15	17	
6	7	18	
6	10	18	
6	12	18	
6	13	18	
6	14	18	
6	7	31	
6	8	31	
6	9	31	
6	10	31	
6	12	31	
6	13	31	
6	14	31	
6	15	31	
6	19	31	
6	20	31	
6	21	31	
6	22	31	
6	23	31	
6	24	31	
6	25	31	
6	26	31	
6	27	31	
6	28	31	
6	29	31	
6	30	31	
6	7	32	
6	8	32	
6	9	32	
6	10	32	
6	12	32	
6	13	32	
6	14	32	
6	15	32	
6	19	32	
6	20	32	
6	21	32	
6	22	32	
6	23	32	
6	24	32	
6	25	32	
6	26	32	
6	27	32	

