
   Summary motif results
   =====================
mfinder Version 1.20

MOTIF FINDER RESULTS:

	Network name: C:\Users\pvnsk\OneDrive\Documents\BI\Project 2\directed_closed-4node.txt
	Network type: Directed
	Num of Nodes: 64 Num of Edges: 807
	Num of Nodes with edges: 64
	Maximal out degree (out-hub) : 18
	Maximal in degree (in-hub) : 56
	Roots num: 24 Leaves num: 0
	Single Edges num: 659 Mutual Edges num: 74

	Motif size searched  4
	Total number of 4-node subgraphs : 248834
	Number of random networks generated : 200
	Random networks generation method: Switches
	Num of Switches range: 100.0-200.0, Success switches Ratio:0.102+-0.00

The following motifs were found:

Criteria taken : Nreal Zscore > 2.00
                 Pval ignored (due to small number of random networks)
                 Mfactor > 1.10
                 Uniqueness >= 4


	Top Motifs List

MOTIF	NREAL	NRAND		NREAL	NREAL	UNIQ	CREAL
ID		STATS		ZSCORE	PVAL	VAL	[MILI]	

906	827	595.8+-66.1	3.50	0.000	7	3.32

0 1 0 1 
0 0 0 1 
1 1 0 0 
0 0 0 0 

2254	2324	1901.8+-133.7	3.16	0.005	6	9.34

0 1 1 1 
0 0 1 1 
0 0 0 1 
0 0 0 0 

2524	1292	1005.2+-113.6	2.53	0.000	6	5.19

0 0 1 1 
1 0 1 1 
1 0 0 1 
0 0 0 0 

5016	1497	1162.6+-96.7	3.46	0.000	7	6.02

0 0 0 1 
1 0 0 1 
1 1 0 0 
1 0 0 0 

6552	11215	10059.9+-366.2	3.15	0.000	8	45.07

0 0 0 1 
1 0 0 1 
1 0 0 1 
1 0 0 0 

6616	1740	1394.1+-98.7	3.50	0.000	8	6.99

0 0 0 1 
1 0 1 1 
1 0 0 1 
1 0 0 0 

15258	877	684.6+-64.6	2.98	0.000	5	3.52

0 1 0 1 
1 0 0 1 
1 1 0 1 
1 1 0 0 



	(Total No. of non-dangling motifs : 11)



	Full list includes 20 motifs
MOTIF	NREAL	NRAND		NREAL	NREAL	UNIQ	CREAL
ID		STATS		ZSCORE	PVAL	VAL	[MILI]	

344	1147	840.1+-98.4	3.12	0.000	8	4.61

0 0 0 1 
1 0 1 0 
1 0 0 0 
0 0 0 0 

410	818	568.2+-70.9	3.53	0.000	5	3.29

0 1 0 1 
1 0 0 1 
1 0 0 0 
0 0 0 0 

906	827	595.8+-66.1	3.50	0.000	7	3.32

0 1 0 1 
0 0 0 1 
1 1 0 0 
0 0 0 0 

910	57	34.3+-9.7	2.34	0.020	4	0.23

0 1 1 1 
0 0 0 1 
1 1 0 0 
0 0 0 0 

922	431	267.9+-43.7	3.74	0.000	5	1.73

0 1 0 1 
1 0 0 1 
1 1 0 0 
0 0 0 0 

2202	1446	1147.2+-114.8	2.60	0.000	4	5.81

0 1 0 1 
1 0 0 1 
0 0 0 1 
0 0 0 0 

2254	2324	1901.8+-133.7	3.16	0.005	6	9.34

0 1 1 1 
0 0 1 1 
0 0 0 1 
0 0 0 0 

2524	1292	1005.2+-113.6	2.53	0.000	6	5.19

0 0 1 1 
1 0 1 1 
1 0 0 1 
0 0 0 0 

4424	1071	798.8+-68.2	3.99	0.000	5	4.30

0 0 0 1 
0 0 1 0 
1 0 0 0 
1 0 0 0 

4438	1156	887.6+-88.1	3.05	0.000	5	4.65

0 1 1 0 
1 0 1 0 
1 0 0 0 
1 0 0 0 

4440	2060	1635.5+-114.9	3.69	0.000	8	8.28

0 0 0 1 
1 0 1 0 
1 0 0 0 
1 0 0 0 

4678	594	279.2+-40.9	7.69	0.000	6	2.39

0 1 1 0 
0 0 1 0 
0 1 0 0 
1 0 0 0 

4694	751	518.3+-64.1	3.63	0.000	6	3.02

0 1 1 0 
1 0 1 0 
0 1 0 0 
1 0 0 0 

4950	795	665.9+-60.1	2.15	0.020	5	3.19

0 1 1 0 
1 0 1 0 
1 1 0 0 
1 0 0 0 

5002	624	459.8+-61.6	2.66	0.000	4	2.51

0 1 0 1 
0 0 0 1 
1 1 0 0 
1 0 0 0 

5016	1497	1162.6+-96.7	3.46	0.000	7	6.02

0 0 0 1 
1 0 0 1 
1 1 0 0 
1 0 0 0 

6552	11215	10059.9+-366.2	3.15	0.000	8	45.07

0 0 0 1 
1 0 0 1 
1 0 0 1 
1 0 0 0 

6616	1740	1394.1+-98.7	3.50	0.000	8	6.99

0 0 0 1 
1 0 1 1 
1 0 0 1 
1 0 0 0 

6622	123	87.8+-17.4	2.02	0.035	4	0.49

0 1 1 1 
1 0 1 1 
1 0 0 1 
1 0 0 0 

15258	877	684.6+-64.6	2.98	0.000	5	3.52

0 1 0 1 
1 0 0 1 
1 1 0 1 
1 1 0 0 




Full list of subgraphs size 4 ids:

	( Total num of different subgraphs size 4 is : 199 )

MOTIF	NREAL	NRAND		NREAL	NREAL	CREAL	UNIQ
ID		STATS		ZSCORE	PVAL	[MILI]	
14	121	207.8+-28.2	-3.08	1.000	0.49	6

28	166	508.0+-69.7	-4.90	1.000	0.67	6

30	7	30.5+-10.1	-2.33	0.995	0.03	2

74	833	1052.3+-84.2	-2.60	0.990	3.35	8

76	10054	12493.8+-552.0	-4.42	1.000	40.40	12

78	693	877.9+-70.1	-2.64	0.990	2.78	8

90	5	26.8+-9.0	-2.42	0.995	0.02	2

92	503	811.5+-100.3	-3.08	1.000	2.02	7

94	28	42.6+-10.5	-1.39	0.930	0.11	2

204	1567	2372.0+-451.0	-1.79	0.970	6.30	9

206	267	336.8+-87.3	-0.80	0.760	1.07	6

222	13	9.0+-5.8	0.69	0.265	0.05	3

280	6344	6278.8+-544.3	0.12	0.455	25.49	9

282	441	919.6+-115.0	-4.16	1.000	1.77	4

286	14	35.2+-10.5	-2.02	1.000	0.06	3

328	698	873.6+-108.4	-1.62	0.965	2.81	7

330	10	54.2+-16.1	-2.74	1.000	0.04	2

332	527	687.6+-103.8	-1.55	0.930	2.12	5

334	28	38.9+-10.9	-1.00	0.840	0.11	3

344	1147	840.1+-98.4	3.12	0.000	4.61	8

346	18	44.7+-11.2	-2.38	0.995	0.07	1

348	761	691.6+-118.8	0.58	0.275	3.06	5

350	56	41.9+-11.4	1.23	0.110	0.23	2

390	41	61.1+-17.5	-1.15	0.890	0.16	3

392	11477	10559.8+-448.7	2.04	0.020	46.12	11

394	693	682.8+-51.5	0.20	0.410	2.78	7

396	722	807.7+-96.5	-0.89	0.795	2.90	4

398	20	47.8+-12.0	-2.33	1.000	0.08	3

404	887	951.2+-72.2	-0.89	0.825	3.56	7

406	19	61.8+-15.8	-2.71	1.000	0.08	5

408	9535	9120.9+-353.4	1.17	0.105	38.32	11

410	818	568.2+-70.9	3.53	0.000	3.29	5

412	442	738.3+-92.0	-3.22	1.000	1.78	6

414	31	51.2+-10.1	-1.99	0.990	0.12	3

454	13	43.9+-12.0	-2.59	1.000	0.05	3

456	534	719.5+-96.0	-1.93	0.985	2.15	7

458	21	42.6+-11.8	-1.82	0.975	0.08	2

460	331	589.8+-111.8	-2.32	1.000	1.33	4

462	15	33.9+-11.3	-1.67	0.990	0.06	3

468	301	356.8+-44.9	-1.24	0.920	1.21	6

470	26	40.0+-9.9	-1.42	0.955	0.10	3

472	606	647.0+-70.6	-0.58	0.720	2.44	8

474	17	34.1+-8.6	-1.98	0.985	0.07	2

476	404	567.3+-118.6	-1.38	0.915	1.62	5

478	39	35.4+-12.4	0.29	0.395	0.16	2

856	40	24.1+-8.8	1.80	0.070	0.16	2

858	49	45.4+-10.9	0.33	0.415	0.20	2

862	43	33.0+-9.9	1.01	0.170	0.17	2

904	372	369.1+-43.0	0.07	0.470	1.49	7

906	827	595.8+-66.1	3.50	0.000	3.32	7

908	30	42.8+-12.9	-0.99	0.830	0.12	2

910	57	34.3+-9.7	2.34	0.020	0.23	4

922	431	267.9+-43.7	3.74	0.000	1.73	5

924	33	37.0+-10.7	-0.38	0.675	0.13	3

926	38	39.1+-10.5	-0.10	0.560	0.15	3

972	12	23.3+-7.8	-1.45	0.945	0.05	2

974	23	34.1+-11.0	-1.00	0.865	0.09	2

990	18	28.4+-9.3	-1.12	0.895	0.07	2

2184	66142	67641.1+-1200.9	-1.25	0.900	265.81	15

2186	31875	30816.8+-673.1	1.57	0.060	128.10	12

2190	1167	1210.2+-79.7	-0.54	0.690	4.69	9

2202	1446	1147.2+-114.8	2.60	0.000	5.81	4

2204	1847	2159.9+-93.6	-3.34	1.000	7.42	9

2206	101	147.5+-20.9	-2.23	1.000	0.41	3

2252	12641	12628.9+-357.0	0.03	0.530	50.80	11

2254	2324	1901.8+-133.7	3.16	0.005	9.34	6

2270	120	59.7+-13.0	4.65	0.000	0.48	3

2458	1744	1978.1+-163.4	-1.43	0.920	7.01	4

2462	63	84.6+-16.1	-1.34	0.925	0.25	2

2506	24	46.5+-11.2	-2.01	0.985	0.10	2

2510	100	123.1+-16.7	-1.38	0.925	0.40	3

2524	1292	1005.2+-113.6	2.53	0.000	5.19	6

2526	186	142.6+-24.5	1.77	0.045	0.75	3

3038	62	40.9+-11.5	1.84	0.050	0.25	3

4370	10615	11452.6+-523.0	-1.60	0.940	42.66	9

4374	369	706.3+-78.2	-4.31	1.000	1.48	3

4382	5	15.7+-5.9	-1.83	0.995	0.02	3

4418	325	680.9+-113.5	-3.14	1.000	1.31	4

4420	4342	4516.6+-228.6	-0.76	0.760	17.45	8

4422	643	577.8+-73.9	0.88	0.195	2.58	5

4424	1071	798.8+-68.2	3.99	0.000	4.30	5

4426	12	49.3+-12.0	-3.11	1.000	0.05	2

4428	607	805.4+-80.9	-2.45	1.000	2.44	4

4430	17	47.5+-11.5	-2.64	0.995	0.07	3

4434	840	1237.3+-139.3	-2.85	1.000	3.38	6

4436	16450	18038.5+-352.9	-4.50	1.000	66.11	9

4438	1156	887.6+-88.1	3.05	0.000	4.65	5

4440	2060	1635.5+-114.9	3.69	0.000	8.28	8

4442	52	73.4+-16.4	-1.30	0.945	0.21	2

4444	742	1137.6+-128.7	-3.07	1.000	2.98	5

4446	44	63.5+-12.0	-1.62	0.980	0.18	3

4546	1	20.4+-7.5	-2.59	1.000	0.00	1

4548	527	594.7+-52.6	-1.29	0.910	2.12	6

4550	22	36.3+-10.8	-1.32	0.920	0.09	3

4556	161	277.0+-48.8	-2.38	1.000	0.65	3

4558	5	15.6+-6.0	-1.76	0.985	0.02	3

4562	16	40.8+-11.3	-2.20	1.000	0.06	2

4564	976	1313.7+-78.1	-4.33	1.000	3.92	6

4566	21	53.4+-11.0	-2.96	1.000	0.08	3

4572	272	435.8+-87.1	-1.88	0.985	1.09	4

4574	10	20.2+-6.7	-1.52	0.950	0.04	4

4678	594	279.2+-40.9	7.69	0.000	2.39	6

4682	53	56.4+-11.6	-0.30	0.585	0.21	3

4686	22	16.9+-6.0	0.86	0.160	0.09	3

4692	452	535.5+-73.7	-1.13	0.855	1.82	4

4694	751	518.3+-64.1	3.63	0.000	3.02	6

4698	16	32.8+-9.1	-1.85	0.985	0.06	2

4700	19	37.6+-7.7	-2.43	0.995	0.08	3

4702	14	41.1+-8.7	-3.11	1.000	0.06	3

4740	6	11.8+-5.4	-1.06	0.890	0.02	1

4742	16	41.5+-10.9	-2.33	0.995	0.06	2

4748	37	37.8+-11.6	-0.07	0.530	0.15	3

4750	24	29.8+-7.2	-0.81	0.800	0.10	2

4758	17	17.5+-6.5	-0.08	0.540	0.07	4

4764	27	35.3+-10.4	-0.79	0.795	0.11	4

4766	37	29.6+-8.5	0.87	0.175	0.15	3

4812	5	14.2+-5.7	-1.60	0.970	0.02	3

4814	23	23.3+-7.5	-0.04	0.545	0.09	2

4830	16	12.9+-5.0	0.62	0.305	0.06	1

4946	1269	1357.0+-104.2	-0.84	0.810	5.10	6

4950	795	665.9+-60.1	2.15	0.020	3.19	5

4952	107	52.6+-11.6	4.70	0.000	0.43	3

4954	76	74.1+-11.2	0.17	0.405	0.31	4

4958	26	46.1+-10.9	-1.85	0.990	0.10	3

4994	225	559.3+-92.4	-3.62	1.000	0.90	4

4998	17	33.5+-9.5	-1.73	0.960	0.07	2

5002	624	459.8+-61.6	2.66	0.000	2.51	4

5004	29	40.1+-11.8	-0.94	0.820	0.12	2

5006	33	31.3+-7.9	0.21	0.410	0.13	3

5010	1039	1290.7+-144.4	-1.74	0.965	4.18	5

5012	37	83.0+-17.1	-2.69	1.000	0.15	3

5014	63	59.6+-12.0	0.28	0.395	0.25	3

5016	1497	1162.6+-96.7	3.46	0.000	6.02	7

5018	848	808.6+-84.4	0.47	0.325	3.41	4

5020	31	54.7+-13.3	-1.77	0.980	0.12	2

5022	47	45.0+-10.3	0.19	0.450	0.19	2

5058	6	33.4+-8.9	-3.09	1.000	0.02	2

5062	16	30.7+-8.4	-1.76	0.985	0.06	4

5064	6	15.8+-6.3	-1.57	0.970	0.02	1

5066	14	24.9+-6.9	-1.59	0.950	0.06	3

5068	13	33.8+-10.6	-1.97	0.985	0.05	1

5070	26	26.3+-6.9	-0.05	0.520	0.10	3

5074	22	90.5+-15.4	-4.45	1.000	0.09	2

5076	60	81.5+-14.0	-1.53	0.935	0.24	4

5078	46	80.3+-16.5	-2.08	0.990	0.18	3

5080	64	70.3+-12.2	-0.52	0.700	0.26	4

5082	31	55.2+-12.5	-1.94	0.985	0.12	3

5084	40	49.1+-11.0	-0.82	0.795	0.16	3

5086	50	62.5+-12.1	-1.03	0.870	0.20	2

6342	10	30.7+-10.9	-1.89	1.000	0.04	1

6348	936	1042.3+-122.9	-0.87	0.800	3.76	6

6350	45	59.4+-15.6	-0.92	0.810	0.18	3

6356	52	140.4+-34.6	-2.55	1.000	0.21	4

6358	8	21.9+-7.5	-1.86	0.985	0.03	2

6364	922	967.0+-98.0	-0.46	0.705	3.71	5

6366	90	63.5+-12.6	2.10	0.035	0.36	3

6550	14	24.5+-7.4	-1.41	0.945	0.06	4

6552	11215	10059.9+-366.2	3.15	0.000	45.07	8

6554	2207	2194.9+-133.5	0.09	0.465	8.87	6

6558	39	69.5+-12.9	-2.37	0.995	0.16	4

6598	16	25.9+-7.8	-1.27	0.910	0.06	3

6602	22	72.4+-12.6	-4.00	1.000	0.09	3

6604	955	1043.2+-90.2	-0.98	0.840	3.84	4

6606	59	57.7+-11.9	0.11	0.435	0.24	3

6614	59	41.2+-10.6	1.68	0.050	0.24	3

6616	1740	1394.1+-98.7	3.50	0.000	6.99	8

6618	77	120.0+-15.2	-2.82	1.000	0.31	3

6620	1796	1763.7+-114.8	0.28	0.385	7.22	6

6622	123	87.8+-17.4	2.02	0.035	0.49	4

6854	5	13.6+-6.1	-1.40	0.975	0.02	2

6858	88	68.9+-13.0	1.46	0.105	0.35	3

6862	46	27.5+-9.5	1.95	0.045	0.18	3

6870	20	22.4+-7.0	-0.34	0.625	0.08	2

6874	75	83.5+-12.9	-0.66	0.760	0.30	3

6876	47	51.0+-10.6	-0.38	0.650	0.19	2

6878	77	56.9+-9.2	2.18	0.030	0.31	2

7126	46	31.9+-8.3	1.71	0.055	0.18	3

7128	73	40.0+-11.6	2.85	0.010	0.29	3

7130	99	112.6+-17.6	-0.77	0.760	0.40	3

7134	98	72.7+-12.0	2.11	0.015	0.39	3

13142	1019	1045.6+-73.8	-0.36	0.630	4.10	4

13146	76	49.7+-12.4	2.12	0.040	0.31	2

13148	26	45.9+-9.6	-2.08	0.995	0.10	4

13150	72	109.0+-13.4	-2.75	1.000	0.29	4

13260	0	4.0+-2.7	-1.47	1.000	0.00	0

13262	10	24.2+-7.6	-1.87	0.990	0.04	2

13278	21	33.3+-8.7	-1.42	0.945	0.08	3

14678	22	47.0+-10.4	-2.40	1.000	0.09	3

14686	10	10.5+-4.4	-0.12	0.585	0.04	2

14790	3	4.3+-2.6	-0.48	0.705	0.01	1

14798	56	36.1+-9.2	2.17	0.020	0.23	2

14810	62	66.1+-13.9	-0.29	0.650	0.25	3

14812	89	73.5+-13.8	1.13	0.145	0.36	3

14814	86	78.2+-12.1	0.64	0.255	0.35	2

15258	877	684.6+-64.6	2.98	0.000	3.52	5

15262	123	99.1+-13.0	1.84	0.045	0.49	4

15310	35	39.0+-11.9	-0.34	0.610	0.14	2

15326	114	94.7+-10.4	1.86	0.020	0.46	3

31710	27	18.8+-3.9	2.09	0.025	0.11	2



 (Application total runtime was:   1.08 hours.)

 (Real network processing runtime was:   36.0 seconds.)

 (Single Random network processing runtime was:   19.2 seconds.)
